Time,Height above ground [m],X [m],Y [m],Z [m],Opening Angle [°],Stalling Angle Left [°],Stalling Angle Right [°],Roll Angle Left [°],Roll Angle Right [°],Yaw Angle Left [°],Yaw Angle Right [°],Speed hor. [km/h],Speed vert. [km/h],Speed resulting [km/h],W1_Speed,W1_Tangent,W1_Turbulence,W1_CleanTan,W1_Cross,W2_Speed,W2_Tangent,W2_Turbulence,W2_CleanTan,W2_Cross,W3_Speed,W3_Tangent,W3_Turbulence,W3_CleanTan,W3_Cross,W4_Speed,W4_Tangent,W4_Turbulence,W4_CleanTan,W4_Cross,W5_Speed,W5_Tangent,W5_Turbulence,W5_CleanTan,W5_Cross,W6_Speed,W6_Tangent,W6_Turbulence,W6_CleanTan,W6_Cross,W7_Speed,W7_Tangent,W7_Turbulence,W7_CleanTan,W7_Cross,W8_Speed,W8_Tangent,W8_Turbulence,W8_CleanTan,W8_Cross,W9_Speed,W9_Tangent,W9_Turbulence,W9_CleanTan,W9_Cross,W10_Speed,W10_Tangent,W10_Turbulence,W10_CleanTan,W10_Cross,W11_Speed,W11_Tangent,W11_Turbulence,W11_CleanTan,W11_Cross,W12_Speed,W12_Tangent,W12_Turbulence,W12_CleanTan,W12_Cross
0.0,,-54.76,-0.0,22.17,,,,,,,,0.0,0.0,0.0,0.7,0.15,0.18,0.15,0.66,1.5,1.15,0.05,1.15,0.65,1.5,1.38,0.12,1.38,0.58,2.5,2.44,0.1,2.44,0.14,0.3,0.05,0.16,0.05,0.23,2.4,2.38,0.25,2.38,0.41,2.3,1.73,0.22,1.73,1.42,1.7,1.66,0.25,1.66,0.17,2.8,1.99,0.35,1.99,1.96,0.3,0.26,0.2,0.26,0.07,1.4,-0.09,0.2,-0.09,1.41,0.8,0.72,0.16,0.72,0.27
0.05,,-53.49476454293629,0.0,21.657996306555866,,,,,,,,2.1627654662973224,-0.44002770083102494,2.2070637119113576,0.7,0.14953831948291782,0.17838411819021235,0.14953831948291782,0.6606925207756233,1.502308402585411,1.155540166204986,0.05069252077562327,1.155540166204986,0.6453831948291783,1.497691597414589,1.372382271468144,0.11930747922437673,1.372382271468144,0.5876177285318559,2.4907663896583565,2.4328439519852263,0.10161588180978763,2.4328439519852263,0.142539242843952,0.30692520775623267,0.06177285318559557,0.15930747922437674,0.06177285318559557,0.2260757156048015,2.397691597414589,2.376999076638966,0.24469067405355494,2.376999076638966,0.40861495844875345,2.302308402585411,1.7325392428439519,0.2153831948291782,1.7325392428439519,1.422308402585411,1.702308402585411,1.6634626038781162,0.2451523545706371,1.6634626038781162,0.16815327793167129,2.8,1.987691597414589,0.34399815327793165,1.987691597414589,1.9618467220683287,0.2976915974145891,0.25769159741458914,0.19930747922437675,0.25769159741458914,0.07,1.4,-0.09969529085872576,0.19722991689750694,-0.09969529085872576,1.407691597414589,0.8069252077562328,0.7266943674976916,0.16369344413665743,0.7266943674976916,0.27415512465373965
0.1,,-52.22952908587257,0.0,21.14599261311173,,,,,,,,4.325530932594645,-0.8800554016620499,4.414127423822715,0.7,0.14907663896583565,0.17676823638042474,0.14907663896583565,0.6613850415512466,1.5046168051708217,1.161080332409972,0.05138504155124654,1.161080332409972,0.6407663896583564,1.4953831948291783,1.364764542936288,0.11861495844875346,1.364764542936288,0.5952354570637118,2.481532779316713,2.425687903970452,0.10323176361957526,2.425687903970452,0.145078485687904,0.31385041551246534,0.07354570637119114,0.15861495844875348,0.07354570637119114,0.22215143120960296,2.395383194829178,2.3739981532779315,0.23938134810710987,2.3739981532779315,0.4072299168975069,2.304616805170822,1.735078485687904,0.21076638965835642,1.735078485687904,1.4246168051708217,1.7046168051708217,1.6669252077562327,0.24030470914127425,1.6669252077562327,0.1663065558633426,2.8,1.9853831948291782,0.3379963065558633,1.9853831948291782,1.9636934441366574,0.2953831948291782,0.2553831948291782,0.1986149584487535,0.2553831948291782,0.07,1.4,-0.10939058171745153,0.19445983379501386,-0.10939058171745153,1.4053831948291782,0.8138504155124654,0.7333887349953832,0.16738688827331488,0.7333887349953832,0.2783102493074792
0.15000000000000002,,-50.96429362880886,0.0,20.63398891966759,,,,,,,,6.488296398891968,-1.320083102493075,6.621191135734073,0.7,0.14861495844875347,0.1751523545706371,0.14861495844875347,0.6620775623268699,1.5069252077562327,1.1666204986149584,0.05207756232686981,1.1666204986149584,0.6361495844875347,1.4930747922437673,1.357146814404432,0.1179224376731302,1.357146814404432,0.6028531855955679,2.472299168975069,2.4185318559556785,0.10484764542936288,2.4185318559556785,0.14761772853185598,0.3207756232686981,0.08531855955678672,0.1579224376731302,0.08531855955678672,0.21822714681440444,2.3930747922437674,2.3709972299168975,0.2340720221606648,2.3709972299168975,0.40584487534626035,2.3069252077562323,1.737617728531856,0.20614958448753462,1.737617728531856,1.4269252077562327,1.7069252077562327,1.670387811634349,0.23545706371191136,1.670387811634349,0.16445983379501386,2.8,1.9830747922437673,0.331994459833795,1.9830747922437673,1.965540166204986,0.2930747922437673,0.25307479224376733,0.1979224376731302,0.25307479224376733,0.07,1.4,-0.1190858725761773,0.19168975069252078,-0.1190858725761773,1.4030747922437672,0.8207756232686981,0.7400831024930747,0.1710803324099723,0.7400831024930747,0.28246537396121885
0.2,,-49.69905817174515,0.0,20.121985226223455,,,,,,,,8.65106186518929,-1.7601108033240997,8.82825484764543,0.7,0.14815327793167127,0.1735364727608495,0.14815327793167127,0.6627700831024931,1.5092336103416435,1.1721606648199445,0.05277008310249308,1.1721606648199445,0.6315327793167128,1.4907663896583565,1.3495290858725761,0.11722991689750692,1.3495290858725761,0.6104709141274238,2.4630655586334256,2.411375807940905,0.10646352723915051,2.411375807940905,0.15015697137580797,0.32770083102493075,0.09709141274238228,0.15722991689750693,0.09709141274238228,0.21430286241920593,2.3907663896583564,2.367996306555863,0.22876269621421974,2.367996306555863,0.4044598337950138,2.3092336103416433,1.7401569713758078,0.20153277931671285,1.7401569713758078,1.4292336103416434,1.7092336103416435,1.6738504155124654,0.23060941828254847,1.6738504155124654,0.16261311172668513,2.8,1.9807663896583565,0.32599261311172667,1.9807663896583565,1.9673868882733148,0.2907663896583564,0.2507663896583564,0.19722991689750694,0.2507663896583564,0.07,1.4,-0.12878116343490306,0.1889196675900277,-0.12878116343490306,1.4007663896583564,0.8277008310249307,0.7467774699907663,0.17477377654662973,0.7467774699907663,0.2866204986149585
0.25,,-48.43382271468144,0.0,19.60998153277932,,,,,,,,10.813827331486612,-2.2001385041551247,11.035318559556787,0.7,0.1476915974145891,0.17192059095106185,0.1476915974145891,0.6634626038781164,1.5115420129270545,1.1777008310249306,0.05346260387811635,1.1777008310249306,0.6269159741458911,1.4884579870729455,1.3419113573407202,0.11653739612188366,1.3419113573407202,0.6180886426592798,2.453831948291782,2.4042197599261312,0.10807940904893815,2.4042197599261312,0.15269621421975993,0.3346260387811634,0.10886426592797785,0.15653739612188367,0.10886426592797785,0.2103785780240074,2.3884579870729454,2.364995383194829,0.2234533702677747,2.364995383194829,0.4030747922437673,2.3115420129270543,1.74269621421976,0.19691597414589104,1.74269621421976,1.4315420129270544,1.7115420129270544,1.6773130193905816,0.2257617728531856,1.6773130193905816,0.16076638965835643,2.8,1.9784579870729455,0.31999076638965834,1.9784579870729455,1.9692336103416435,0.2884579870729455,0.24845798707294553,0.19653739612188367,0.24845798707294553,0.07,1.4,-0.13847645429362881,0.18614958448753463,-0.13847645429362881,1.3984579870729454,0.8346260387811635,0.7534718374884579,0.17846722068328716,0.7534718374884579,0.2907756232686981
0.30000000000000004,,-47.16858725761772,0.0,19.09797783933518,,,,,,,,12.976592797783937,-2.64016620498615,13.242382271468147,0.7,0.14722991689750692,0.17030470914127424,0.14722991689750692,0.6641551246537396,1.5138504155124655,1.1832409972299167,0.05415512465373962,1.1832409972299167,0.6222991689750693,1.4861495844875345,1.3342936288088643,0.11584487534626038,1.3342936288088643,0.6257063711911357,2.4445983379501386,2.397063711911357,0.10969529085872577,2.397063711911357,0.15523545706371192,0.3415512465373961,0.12063711911357342,0.1558448753462604,0.12063711911357342,0.20645429362880888,2.3861495844875344,2.3619944598337947,0.21814404432132964,2.3619944598337947,0.4016897506925208,2.3138504155124653,1.7452354570637119,0.19229916897506924,1.7452354570637119,1.4338504155124654,1.7138504155124654,1.680775623268698,0.22091412742382271,1.680775623268698,0.1589196675900277,2.8,1.9761495844875345,0.31398891966759,1.9761495844875345,1.9710803324099724,0.28614958448753464,0.24614958448753463,0.1958448753462604,0.24614958448753463,0.07,1.4,-0.1481717451523546,0.18337950138504155,-0.1481717451523546,1.3961495844875345,0.8415512465373962,0.7601662049861496,0.1821606648199446,0.7601662049861496,0.2949307479224377
0.35000000000000003,,-45.90335180055401,0.0,18.585974145891043,,,,,,,,15.139358264081258,-3.080193905817175,15.449445983379503,0.7,0.14676823638042474,0.1686888273314866,0.14676823638042474,0.6648476454293629,1.5161588180978762,1.188781163434903,0.054847645429362886,1.188781163434903,0.6176823638042475,1.4838411819021238,1.3266759002770083,0.11515235457063712,1.3266759002770083,0.6333240997229916,2.435364727608495,2.3899076638965835,0.1113111726685134,2.3899076638965835,0.1577746999076639,0.34847645429362883,0.13240997229916898,0.1551523545706371,0.13240997229916898,0.20253000923361034,2.3838411819021235,2.3589935364727608,0.21283471837488457,2.3589935364727608,0.4003047091412742,2.3161588180978763,1.747774699907664,0.18768236380424747,1.747774699907664,1.4361588180978762,1.7161588180978762,1.6842382271468144,0.21606648199445982,1.6842382271468144,0.15707294552169898,2.8,1.9738411819021238,0.3079870729455217,1.9738411819021238,1.972927054478301,0.2838411819021237,0.24384118190212373,0.19515235457063712,0.24384118190212373,0.07,1.4,-0.15786703601108035,0.18060941828254848,-0.15786703601108035,1.3938411819021237,0.8484764542936288,0.7668605724838412,0.18585410895660204,0.7668605724838412,0.2990858725761773
0.4,,-44.6381163434903,0.0,18.073970452446908,,,,,,,,17.30212373037858,-3.5202216066481995,17.65650969529086,0.7,0.14630655586334257,0.167072945521699,0.14630655586334257,0.6655401662049861,1.5184672206832872,1.1943213296398891,0.055540166204986155,1.1943213296398891,0.6130655586334257,1.4815327793167128,1.3190581717451524,0.11445983379501384,1.3190581717451524,0.6409418282548476,2.426131117266851,2.38275161588181,0.11292705447830102,2.38275161588181,0.1603139427516159,0.3554016620498615,0.14418282548476455,0.15445983379501385,0.14418282548476455,0.19860572483841182,2.381532779316713,2.355992613111727,0.2075253924284395,2.355992613111727,0.39891966759002767,2.318467220683287,1.750313942751616,0.18306555863342566,1.750313942751616,1.4384672206832871,1.7184672206832872,1.6877008310249306,0.21121883656509693,1.6877008310249306,0.15522622345337028,2.8,1.9715327793167128,0.30198522622345336,1.9715327793167128,1.9747737765466298,0.28153277931671283,0.24153277931671285,0.19445983379501386,0.24153277931671285,0.07,1.4,-0.1675623268698061,0.1778393351800554,-0.1675623268698061,1.3915327793167127,0.8554016620498616,0.7735549399815328,0.18954755309325946,0.7735549399815328,0.30324099722991693
0.45,,-43.37288088642659,0.0,17.56196675900277,,,,,,,,19.4648891966759,-3.9602493074792244,19.863573407202217,0.7,0.1458448753462604,0.16545706371191135,0.1458448753462604,0.6662326869806094,1.520775623268698,1.1998614958448752,0.056232686980609424,1.1998614958448752,0.6084487534626039,1.479224376731302,1.3114404432132962,0.11376731301939058,1.3114404432132962,0.6485595567867036,2.4168975069252077,2.3755955678670357,0.11454293628808865,2.3755955678670357,0.16285318559556788,0.3623268698060942,0.15595567867036012,0.1537673130193906,0.15595567867036012,0.19468144044321328,2.379224376731302,2.3529916897506924,0.20221606648199444,2.3529916897506924,0.39753462603878115,2.320775623268698,1.7528531855955678,0.17844875346260386,1.7528531855955678,1.440775623268698,1.720775623268698,1.691163434903047,0.20637119113573407,1.691163434903047,0.15337950138504156,2.8,1.969224376731302,0.29598337950138504,1.969224376731302,1.9766204986149585,0.27922437673130196,0.23922437673130195,0.1937673130193906,0.23922437673130195,0.07,1.4,-0.17725761772853188,0.17506925207756233,-0.17725761772853188,1.389224376731302,0.8623268698060942,0.7802493074792244,0.1932409972299169,0.7802493074792244,0.3073961218836565
0.5,,-42.107645429362876,0.0,17.049963065558636,,,,,,,,21.627654662973224,-4.400277008310249,22.070637119113574,0.7,0.14538319482917822,0.1638411819021237,0.14538319482917822,0.6669252077562327,1.523084025854109,1.2054016620498613,0.05692520775623269,1.2054016620498613,0.6038319482917821,1.476915974145891,1.3038227146814403,0.1130747922437673,1.3038227146814403,0.6561772853185596,2.407663896583564,2.368439519852262,0.11615881809787627,2.368439519852262,0.16539242843951987,0.36925207756232686,0.16772853185595568,0.15307479224376733,0.16772853185595568,0.19075715604801477,2.376915974145891,2.3499907663896584,0.1969067405355494,2.3499907663896584,0.3961495844875346,2.323084025854109,1.75539242843952,0.17383194829178208,1.75539242843952,1.4430840258541089,1.723084025854109,1.6946260387811634,0.20152354570637118,1.6946260387811634,0.15153277931671283,2.8,1.966915974145891,0.2899815327793167,1.966915974145891,1.9784672206832872,0.27691597414589103,0.23691597414589105,0.19307479224376733,0.23691597414589105,0.07,1.4,-0.18695290858725763,0.17229916897506925,-0.18695290858725763,1.386915974145891,0.8692520775623269,0.786943674976916,0.19693444136657434,0.786943674976916,0.31155124653739613
0.55,,-40.842409972299166,0.0,16.537959372114496,,,,,,,,23.790420129270547,-4.840304709141274,24.277700831024934,0.7,0.14492151431209602,0.1622253000923361,0.14492151431209602,0.667617728531856,1.52539242843952,1.2109418282548476,0.057617728531855955,1.2109418282548476,0.5992151431209604,1.47460757156048,1.2962049861495843,0.11238227146814404,1.2962049861495843,0.6637950138504155,2.3984302862419207,2.3612834718374884,0.1177746999076639,2.3612834718374884,0.16793167128347186,0.37617728531855954,0.17950138504155128,0.15238227146814404,0.17950138504155128,0.18683287165281626,2.37460757156048,2.346989843028624,0.19159741458910434,2.346989843028624,0.39476454293628804,2.3253924284395198,1.7579316712834718,0.16921514312096028,1.7579316712834718,1.4453924284395199,1.72539242843952,1.6980886426592798,0.19667590027700832,1.6980886426592798,0.14968605724838413,2.8,1.96460757156048,0.2839796860572483,1.96460757156048,1.9803139427516159,0.27460757156048016,0.23460757156048015,0.19238227146814404,0.23460757156048015,0.07,1.4,-0.19664819944598338,0.16952908587257617,-0.19664819944598338,1.3846075715604802,0.8761772853185597,0.7936380424746076,0.20062788550323177,0.7936380424746076,0.31570637119113576
0.6000000000000001,,-39.577174515235455,0.0,16.02595567867036,,,,,,,,25.953185595567874,-5.2803324099723,26.484764542936293,0.7,0.14445983379501384,0.16060941828254846,0.14445983379501384,0.6683102493074793,1.5277008310249307,1.2164819944598337,0.05831024930747923,1.2164819944598337,0.5945983379501385,1.4722991689750693,1.2885872576177284,0.11168975069252077,1.2885872576177284,0.6714127423822714,2.389196675900277,2.354127423822715,0.11939058171745154,2.354127423822715,0.17047091412742382,0.38310249307479227,0.19127423822714684,0.15168975069252078,0.19127423822714684,0.18290858725761772,2.372299168975069,2.34398891966759,0.18628808864265928,2.34398891966759,0.3933795013850415,2.3277008310249307,1.7604709141274237,0.1645983379501385,1.7604709141274237,1.4477008310249306,1.7277008310249307,1.701551246537396,0.19182825484764543,1.701551246537396,0.1478393351800554,2.8,1.9622991689750693,0.27797783933518,1.9622991689750693,1.9821606648199446,0.27229916897506923,0.23229916897506925,0.19168975069252078,0.23229916897506925,0.07,1.4,-0.20634349030470917,0.1667590027700831,-0.20634349030470917,1.3822991689750692,0.8831024930747924,0.8003324099722992,0.2043213296398892,0.8003324099722992,0.3198614958448754
0.65,,-38.311939058171745,0.0,15.513951985226225,,,,,,,,28.115951061865193,-5.720360110803324,28.691828254847646,0.7,0.14399815327793167,0.15899353647276085,0.14399815327793167,0.6690027700831025,1.5300092336103417,1.2220221606648198,0.05900277008310249,1.2220221606648198,0.5899815327793168,1.4699907663896583,1.2809695290858725,0.1109972299168975,1.2809695290858725,0.6790304709141274,2.3799630655586332,2.3469713758079407,0.12100646352723916,2.3469713758079407,0.1730101569713758,0.39002770083102495,0.2030470914127424,0.1509972299168975,0.2030470914127424,0.1789843028624192,2.3699907663896584,2.3409879963065556,0.1809787626962142,2.3409879963065556,0.391994459833795,2.3300092336103413,1.7630101569713759,0.1599815327793167,1.7630101569713759,1.4500092336103416,1.7300092336103416,1.7050138504155123,0.18698060941828254,1.7050138504155123,0.14599261311172668,2.8,1.9599907663896583,0.2719759926131117,1.9599907663896583,1.9840073868882733,0.26999076638965835,0.22999076638965837,0.19099722991689752,0.22999076638965837,0.07,1.4,-0.21603878116343492,0.16398891966759005,-0.21603878116343492,1.3799907663896582,0.890027700831025,0.8070267774699907,0.20801477377654665,0.8070267774699907,0.32401662049861496
0.7000000000000001,,-37.046703601108035,0.0,15.001948291782085,,,,,,,,30.278716528162516,-6.16038781163435,30.898891966759006,0.7,0.1435364727608495,0.1573776546629732,0.1435364727608495,0.6696952908587258,1.5323176361957527,1.227562326869806,0.05969529085872577,1.227562326869806,0.5853647276084949,1.4676823638042473,1.2733518005540165,0.11030470914127423,1.2733518005540165,0.6866481994459834,2.3707294552169897,2.339815327793167,0.12262234533702679,2.339815327793167,0.1755493998153278,0.3969529085872576,0.21481994459833798,0.15030470914127425,0.21481994459833798,0.1750600184672207,2.3676823638042475,2.3379870729455217,0.17566943674976915,2.3379870729455217,0.39060941828254847,2.3323176361957523,1.7655493998153278,0.1553647276084949,1.7655493998153278,1.4523176361957526,1.7323176361957526,1.7084764542936288,0.18213296398891965,1.7084764542936288,0.14414589104339798,2.8,1.9576823638042473,0.26597414589104335,1.9576823638042473,1.985854108956602,0.2676823638042475,0.22768236380424747,0.19030470914127426,0.22768236380424747,0.07,1.4,-0.2257340720221607,0.16121883656509695,-0.2257340720221607,1.3776823638042475,0.8969529085872577,0.8137211449676823,0.21170821791320407,0.8137211449676823,0.3281717451523546
0.75,,-35.78146814404432,0.0,14.48994459833795,,,,,,,,32.441481994459835,-6.600415512465374,33.10595567867036,0.7,0.14307479224376732,0.1557617728531856,0.14307479224376732,0.670387811634349,1.5346260387811634,1.2331024930747922,0.06038781163434903,1.2331024930747922,0.5807479224376731,1.4653739612188366,1.2657340720221606,0.10961218836565097,1.2657340720221606,0.6942659279778394,2.3614958448753463,2.3326592797783934,0.12423822714681441,2.3326592797783934,0.1780886426592798,0.4038781163434903,0.22659279778393354,0.14961218836565096,0.22659279778393354,0.17113573407202215,2.3653739612188365,2.3349861495844872,0.17036011080332408,2.3349861495844872,0.3892243767313019,2.3346260387811633,1.76808864265928,0.15074792243767313,1.76808864265928,1.4546260387811634,1.7346260387811634,1.711939058171745,0.1772853185595568,1.711939058171745,0.14229916897506925,2.8,1.9553739612188366,0.259972299168975,1.9553739612188366,1.9877008310249307,0.26537396121883655,0.22537396121883657,0.18961218836565097,0.22537396121883657,0.07,1.4,-0.23542936288088645,0.1584487534626039,-0.23542936288088645,1.3753739612188365,0.9038781163434904,0.8204155124653739,0.2154016620498615,0.8204155124653739,0.3323268698060942
0.8,,-34.51623268698061,0.0,13.977940904893813,,,,,,,,34.60424746075716,-7.040443213296399,35.31301939058172,0.7,0.14261311172668514,0.15414589104339796,0.14261311172668514,0.6710803324099723,1.5369344413665744,1.2386426592797783,0.0610803324099723,1.2386426592797783,0.5761311172668514,1.4630655586334256,1.2581163434903047,0.10891966759002769,1.2581163434903047,0.7018836565096953,2.3522622345337028,2.3255032317636193,0.12585410895660204,2.3255032317636193,0.18062788550323178,0.410803324099723,0.2383656509695291,0.1489196675900277,0.2383656509695291,0.16721144967682364,2.3630655586334255,2.3319852262234533,0.16505078485687902,2.3319852262234533,0.38783933518005537,2.3369344413665742,1.7706278855032318,0.14613111726685135,1.7706278855032318,1.4569344413665744,1.7369344413665744,1.7154016620498616,0.1724376731301939,1.7154016620498616,0.14045244690674052,2.8,1.9530655586334256,0.2539704524469067,1.9530655586334256,1.9895475530932594,0.2630655586334257,0.22306555863342567,0.1889196675900277,0.22306555863342567,0.07,1.4,-0.24512465373961223,0.1556786703601108,-0.24512465373961223,1.3730655586334257,0.9108033240997231,0.8271098799630656,0.21909510618651895,0.8271098799630656,0.33648199445983384
0.8500000000000001,,-33.25099722991689,0.0,13.465937211449676,,,,,,,,36.76701292705449,-7.480470914127425,37.52008310249308,0.7,0.14215143120960294,0.15253000923361032,0.14215143120960294,0.6717728531855955,1.5392428439519852,1.2441828254847644,0.06177285318559557,1.2441828254847644,0.5715143120960295,1.4607571560480148,1.2504986149584487,0.10822714681440443,1.2504986149584487,0.7095013850415512,2.3430286241920593,2.3183471837488456,0.12746999076638968,2.3183471837488456,0.18316712834718377,0.4177285318559557,0.2501385041551247,0.14822714681440444,0.2501385041551247,0.16328716528162512,2.3607571560480145,2.3289843028624193,0.15974145891043395,2.3289843028624193,0.38645429362880884,2.3392428439519852,1.7731671283471837,0.14151431209602955,1.7731671283471837,1.4592428439519851,1.7392428439519851,1.7188642659279778,0.167590027700831,1.7188642659279778,0.13860572483841183,2.8,1.9507571560480148,0.24796860572483836,1.9507571560480148,1.9913942751615883,0.26075715604801475,0.22075715604801477,0.18822714681440444,0.22075715604801477,0.07,1.4,-0.254819944598338,0.15290858725761775,-0.254819944598338,1.3707571560480147,0.9177285318559558,0.8338042474607572,0.22278855032317638,0.8338042474607572,0.3406371191135734
0.9,,-31.985761772853184,0.0,12.95393351800554,,,,,,,,38.9297783933518,-7.920498614958449,39.727146814404435,0.7,0.14168975069252077,0.1509141274238227,0.14168975069252077,0.6724653739612189,1.5415512465373962,1.2497229916897505,0.06246537396121884,1.2497229916897505,0.5668975069252078,1.4584487534626038,1.2428808864265928,0.10753462603878115,1.2428808864265928,0.7171191135734072,2.3337950138504153,2.311191135734072,0.1290858725761773,2.311191135734072,0.18570637119113576,0.4246537396121884,0.26191135734072024,0.14753462603878117,0.26191135734072024,0.15936288088642658,2.358448753462604,2.325983379501385,0.1544321329639889,2.325983379501385,0.3850692520775623,2.3415512465373958,1.7757063711911358,0.13689750692520775,1.7757063711911358,1.461551246537396,1.7415512465373961,1.722326869806094,0.16274238227146814,1.722326869806094,0.1367590027700831,2.8,1.9484487534626038,0.24196675900277004,1.9484487534626038,1.993240997229917,0.2584487534626039,0.2184487534626039,0.18753462603878118,0.2184487534626039,0.07,1.4,-0.26451523545706374,0.15013850415512467,-0.26451523545706374,1.3684487534626038,0.9246537396121884,0.8404986149584488,0.2264819944598338,0.8404986149584488,0.34479224376731304
0.9500000000000001,,-30.72052631578947,0.0,12.441929824561402,,,,,,,,41.092543859649126,-8.360526315789475,41.934210526315795,0.7,0.1412280701754386,0.1492982456140351,0.1412280701754386,0.6731578947368421,1.5438596491228072,1.2552631578947369,0.06315789473684211,1.2552631578947369,0.5622807017543859,1.4561403508771928,1.2352631578947368,0.10684210526315789,1.2352631578947368,0.7247368421052631,2.324561403508772,2.3040350877192983,0.13070175438596493,2.3040350877192983,0.18824561403508772,0.43157894736842106,0.2736842105263158,0.14684210526315788,0.2736842105263158,0.15543859649122804,2.356140350877193,2.322982456140351,0.14912280701754382,2.322982456140351,0.38368421052631574,2.3438596491228068,1.7782456140350877,0.13228070175438594,1.7782456140350877,1.463859649122807,1.743859649122807,1.7257894736842105,0.15789473684210525,1.7257894736842105,0.13491228070175437,2.8,1.9461403508771928,0.2359649122807017,1.9461403508771928,1.9950877192982457,0.256140350877193,0.216140350877193,0.1868421052631579,0.216140350877193,0.07,1.4,-0.2742105263157895,0.1473684210526316,-0.2742105263157895,1.366140350877193,0.9315789473684212,0.8471929824561404,0.23017543859649126,0.8471929824561404,0.3489473684210527
1.0,,-29.45529085872576,0.0,11.929926131117266,,,,,,,,43.25530932594645,-8.800554016620499,44.14127423822715,0.7,0.14076638965835642,0.14768236380424746,0.14076638965835642,0.6738504155124654,1.546168051708218,1.260803324099723,0.06385041551246537,1.260803324099723,0.5576638965835642,1.453831948291782,1.227645429362881,0.10614958448753462,1.227645429362881,0.7323545706371191,2.3153277931671283,2.2968790397045242,0.13231763619575254,2.2968790397045242,0.1907848568790397,0.43850415512465374,0.2854570637119114,0.14614958448753462,0.2854570637119114,0.15151431209602956,2.353831948291782,2.3199815327793165,0.1438134810710988,2.3199815327793165,0.3822991689750692,2.3461680517082177,1.7807848568790396,0.12766389658356417,1.7807848568790396,1.4661680517082178,1.7461680517082179,1.7292520775623268,0.15304709141274236,1.7292520775623268,0.13306555863342567,2.8,1.943831948291782,0.22996306555863338,1.943831948291782,1.9969344413665744,0.2538319482917821,0.2138319482917821,0.18614958448753463,0.2138319482917821,0.07,1.4,-0.28390581717451524,0.14459833795013852,-0.28390581717451524,1.363831948291782,0.9385041551246538,0.853887349953832,0.23386888273314865,0.853887349953832,0.35310249307479225
1.05,,-28.190055401662047,0.0,11.417922437673129,,,,,,,,45.41807479224377,-9.240581717451525,46.34833795013851,0.7,0.14030470914127424,0.14606648199445982,0.14030470914127424,0.6745429362880886,1.548476454293629,1.266343490304709,0.06454293628808865,1.266343490304709,0.5530470914127424,1.451523545706371,1.220027700831025,0.10545706371191135,1.220027700831025,0.7399722991689751,2.306094182825485,2.2897229916897506,0.13393351800554018,2.2897229916897506,0.1933240997229917,0.4454293628808864,0.29722991689750694,0.14545706371191136,0.29722991689750694,0.14759002770083102,2.351523545706371,2.3169806094182825,0.13850415512465372,2.3169806094182825,0.3809141274238227,2.3484764542936287,1.7833240997229918,0.12304709141274238,1.7833240997229918,1.4684764542936288,1.7484764542936289,1.7327146814404433,0.14819944598337947,1.7327146814404433,0.13121883656509695,2.8,1.941523545706371,0.22396121883656506,1.941523545706371,1.998781163434903,0.2515235457063712,0.2115235457063712,0.18545706371191137,0.2115235457063712,0.07,1.4,-0.293601108033241,0.14182825484764544,-0.293601108033241,1.3615235457063712,0.9454293628808865,0.8605817174515236,0.2375623268698061,0.8605817174515236,0.3572576177285319
1.1,,-26.924819944598333,0.0,10.905918744228991,,,,,,,,47.580840258541095,-9.680609418282549,48.55540166204987,0.7,0.13984302862419207,0.1444506001846722,0.13984302862419207,0.6752354570637119,1.5507848568790397,1.2718836565096951,0.06523545706371192,1.2718836565096951,0.5484302862419206,1.4492151431209603,1.212409972299169,0.10476454293628809,1.212409972299169,0.747590027700831,2.2968605724838413,2.282566943674977,0.13554939981532782,2.282566943674977,0.19586334256694368,0.45235457063711915,0.3090027700831025,0.1447645429362881,0.3090027700831025,0.14366574330563248,2.34921514312096,2.313979686057248,0.13319482917820866,2.313979686057248,0.37952908587257617,2.3507848568790397,1.7858633425669437,0.11843028624192058,1.7858633425669437,1.4707848568790396,1.7507848568790396,1.7361772853185595,0.1433518005540166,1.7361772853185595,0.12937211449676822,2.8,1.9392151431209603,0.21795937211449673,1.9392151431209603,2.000627885503232,0.2492151431209603,0.2092151431209603,0.1847645429362881,0.2092151431209603,0.07,1.4,-0.3032963988919668,0.13905817174515236,-0.3032963988919668,1.3592151431209603,0.9523545706371193,0.8672760849492152,0.24125577100646356,0.8672760849492152,0.3614127423822715
1.1500000000000001,,-25.659584487534623,0.0,10.393915050784855,,,,,,,,49.743605724838424,-10.120637119113574,50.76246537396123,0.7,0.1393813481071099,0.14283471837488457,0.1393813481071099,0.6759279778393352,1.5530932594644506,1.2774238227146815,0.06592797783933518,1.2774238227146815,0.5438134810710988,1.4469067405355494,1.2047922437673129,0.10407202216066481,1.2047922437673129,0.755207756232687,2.2876269621421974,2.275410895660203,0.13716528162511543,2.275410895660203,0.19840258541089567,0.4592797783933518,0.3207756232686981,0.14407202216066484,0.3207756232686981,0.13974145891043396,2.346906740535549,2.310978762696214,0.1278855032317636,2.310978762696214,0.37814404432132964,2.3530932594644507,1.7884025854108958,0.11381348107109879,1.7884025854108958,1.4730932594644506,1.7530932594644506,1.7396398891966758,0.13850415512465372,1.7396398891966758,0.12752539242843952,2.8,1.9369067405355493,0.2119575253924284,1.9369067405355493,2.0024746075715605,0.2469067405355494,0.20690674053554942,0.18407202216066482,0.20690674053554942,0.07,1.4,-0.3129916897506926,0.1362880886426593,-0.3129916897506926,1.3569067405355493,0.9592797783933519,0.8739704524469067,0.24494921514312096,0.8739704524469067,0.3655678670360111
1.2000000000000002,,-24.39434903047091,0.0,9.881911357340718,,,,,,,,51.90637119113575,-10.5606648199446,52.96952908587259,0.7,0.1389196675900277,0.14121883656509693,0.1389196675900277,0.6766204986149584,1.5554016620498616,1.2829639889196676,0.06662049861495845,1.2829639889196676,0.539196675900277,1.4445983379501384,1.197174515235457,0.10337950138504154,1.197174515235457,0.762825484764543,2.278393351800554,2.268254847645429,0.13878116343490307,2.268254847645429,0.20094182825484766,0.4662049861495845,0.33254847645429364,0.14337950138504155,0.33254847645429364,0.13581717451523545,2.3445983379501385,2.30797783933518,0.12257617728531853,2.30797783933518,0.37675900277008306,2.3554016620498612,1.7909418282548477,0.10919667590027698,1.7909418282548477,1.4754016620498616,1.7554016620498616,1.7431024930747923,0.13365650969529083,1.7431024930747923,0.1256786703601108,2.8,1.9345983379501384,0.20595567867036005,1.9345983379501384,2.004321329639889,0.2445983379501385,0.2045983379501385,0.18337950138504155,0.2045983379501385,0.07,1.4,-0.32268698060941836,0.13351800554016618,-0.32268698060941836,1.3545983379501385,0.9662049861495846,0.8806648199445983,0.2486426592797784,0.8806648199445983,0.3697229916897507
1.25,,-23.129113573407203,0.0,9.369907663896583,,,,,,,,54.06913665743306,-11.000692520775623,55.17659279778393,0.7,0.13845798707294552,0.13960295475530932,0.13845798707294552,0.6773130193905817,1.5577100646352724,1.2885041551246537,0.06731301939058172,1.2885041551246537,0.5345798707294552,1.4422899353647276,1.189556786703601,0.10268698060941828,1.189556786703601,0.770443213296399,2.2691597414589104,2.2610987996306555,0.14039704524469068,2.2610987996306555,0.20348107109879965,0.4731301939058172,0.3443213296398892,0.14268698060941828,0.3443213296398892,0.1318928901200369,2.3422899353647275,2.304976915974146,0.11726685133887349,2.304976915974146,0.37537396121883654,2.357710064635272,1.7934810710987996,0.10457987072945521,1.7934810710987996,1.4777100646352723,1.7577100646352724,1.7465650969529085,0.12880886426592797,1.7465650969529085,0.1238319482917821,2.8,1.9322899353647276,0.19995383194829175,1.9322899353647276,2.006168051708218,0.2422899353647276,0.2022899353647276,0.1826869806094183,0.2022899353647276,0.07,1.4,-0.3323822714681441,0.13074792243767314,-0.3323822714681441,1.3522899353647275,0.9731301939058172,0.8873591874422899,0.25233610341643586,0.8873591874422899,0.37387811634349033
1.3,,-21.863878116343486,0.0,8.857903970452446,,,,,,,,56.231902123730386,-11.440720221606648,57.38365650969529,0.7,0.13799630655586334,0.1379870729455217,0.13799630655586334,0.678005540166205,1.5600184672206834,1.2940443213296398,0.068005540166205,1.2940443213296398,0.5299630655586335,1.4399815327793166,1.181939058171745,0.10199445983379501,1.181939058171745,0.7780609418282549,2.259926131117267,2.253942751615882,0.14201292705447832,2.253942751615882,0.2060203139427516,0.48005540166204985,0.3560941828254848,0.14199445983379502,0.3560941828254848,0.1279686057248384,2.3399815327793165,2.301975992613112,0.11195752539242843,2.301975992613112,0.37398891966759,2.360018467220683,1.7960203139427517,0.09996306555863342,1.7960203139427517,1.4800184672206833,1.7600184672206833,1.750027700831025,0.12396121883656508,1.750027700831025,0.12198522622345337,2.8,1.9299815327793166,0.19395198522622342,1.9299815327793166,2.0080147737765466,0.23998153277931672,0.1999815327793167,0.18199445983379503,0.1999815327793167,0.07,1.4,-0.3420775623268698,0.12797783933518006,-0.3420775623268698,1.3499815327793168,0.98005540166205,0.8940535549399815,0.25602954755309326,0.8940535549399815,0.3780332409972299
1.35,,-20.598642659279776,0.0,8.345900277008308,,,,,,,,58.39466759002771,-11.880747922437674,59.59072022160665,0.7,0.13753462603878117,0.13637119113573407,0.13753462603878117,0.6786980609418283,1.5623268698060941,1.2995844875346259,0.06869806094182826,1.2995844875346259,0.5253462603878116,1.4376731301939059,1.174321329639889,0.10130193905817174,1.174321329639889,0.7856786703601109,2.2506925207756234,2.2467867036011078,0.14362880886426593,2.2467867036011078,0.20855955678670363,0.4869806094182826,0.36786703601108034,0.14130193905817173,0.36786703601108034,0.12404432132963987,2.3376731301939055,2.2989750692520774,0.10664819944598336,2.2989750692520774,0.37260387811634343,2.362326869806094,1.7985595567867037,0.09534626038781162,1.7985595567867037,1.482326869806094,1.762326869806094,1.7534903047091412,0.11911357340720219,1.7534903047091412,0.12013850415512464,2.8,1.9276731301939058,0.1879501385041551,1.9276731301939058,2.0098614958448753,0.23767313019390582,0.1976731301939058,0.18130193905817177,0.1976731301939058,0.07,1.4,-0.3517728531855956,0.12520775623268698,-0.3517728531855956,1.3476731301939058,0.9869806094182827,0.9007479224376731,0.2597229916897507,0.9007479224376731,0.38218836565096953
1.4000000000000001,,-19.333407202216065,0.0,7.8338965835641705,,,,,,,,60.55743305632503,-12.3207756232687,61.79778393351801,0.7,0.137072945521699,0.13475530932594643,0.137072945521699,0.6793905817174515,1.5646352723915051,1.3051246537396122,0.06939058171745152,1.3051246537396122,0.5207294552169899,1.4353647276084949,1.1667036011080332,0.10060941828254846,1.1667036011080332,0.7932963988919668,2.2414589104339795,2.239630655586334,0.14524469067405357,2.239630655586334,0.2110987996306556,0.49390581717451526,0.3796398891966759,0.14060941828254847,0.3796398891966759,0.12012003693444134,2.3353647276084946,2.2959741458910434,0.1013388734995383,2.2959741458910434,0.3712188365650969,2.364635272391505,1.8010987996306556,0.09072945521698983,1.8010987996306556,1.484635272391505,1.764635272391505,1.7569529085872577,0.11426592797783933,1.7569529085872577,0.11829178208679593,2.8,1.9253647276084949,0.18194829178208674,1.9253647276084949,2.011708217913204,0.23536472760849492,0.19536472760849494,0.18060941828254848,0.19536472760849494,0.07,1.4,-0.36146814404432137,0.12243767313019391,-0.36146814404432137,1.345364727608495,0.9939058171745153,0.9074422899353647,0.26341643582640817,0.9074422899353647,0.38634349030470916
1.4500000000000002,,-18.06817174515235,0.0,7.321892890120033,,,,,,,,62.72019852262236,-12.760803324099724,64.00484764542936,0.7,0.13661126500461682,0.13313942751615881,0.13661126500461682,0.6800831024930748,1.5669436749769161,1.3106648199445983,0.0700831024930748,1.3106648199445983,0.516112650046168,1.4330563250230839,1.1590858725761772,0.0999168975069252,1.1590858725761772,0.8009141274238227,2.232225300092336,2.2324746075715605,0.1468605724838412,2.2324746075715605,0.2136380424746076,0.5008310249307479,0.3914127423822715,0.1399168975069252,0.3914127423822715,0.11619575253924282,2.333056325023084,2.292973222530009,0.09602954755309323,2.292973222530009,0.3698337950138504,2.3669436749769157,1.8036380424746077,0.08611265004616803,1.8036380424746077,1.486943674976916,1.766943674976916,1.760415512465374,0.10941828254847644,1.760415512465374,0.11644506001846722,2.8,1.9230563250230839,0.1759464450600184,1.9230563250230839,2.0135549399815327,0.23305632502308402,0.193056325023084,0.17991689750692522,0.193056325023084,0.07,1.4,-0.37116343490304715,0.11966759002770082,-0.37116343490304715,1.343056325023084,1.000831024930748,0.9141366574330564,0.26710987996306557,0.9141366574330564,0.3904986149584488
1.5,,-16.802936288088638,0.0,6.809889196675899,,,,,,,,64.88296398891967,-13.200831024930748,66.21191135734072,0.7,0.13614958448753461,0.1315235457063712,0.13614958448753461,0.680775623268698,1.5692520775623269,1.3162049861495844,0.07077562326869806,1.3162049861495844,0.5114958448753463,1.4307479224376731,1.1514681440443213,0.09922437673130194,1.1514681440443213,0.8085318559556787,2.2229916897506925,2.225318559556787,0.14847645429362882,2.225318559556787,0.21617728531855956,0.5077562326869807,0.40318559556786704,0.13922437673130195,0.40318559556786704,0.11227146814404432,2.330747922437673,2.289972299168975,0.09072022160664817,2.289972299168975,0.36844875346260386,2.3692520775623267,1.8061772853185596,0.08149584487534625,1.8061772853185596,1.4892520775623268,1.7692520775623268,1.7638781163434902,0.10457063711911357,1.7638781163434902,0.1145983379501385,2.8,1.9207479224376731,0.16994459833795011,1.9207479224376731,2.0154016620498614,0.23074792243767314,0.19074792243767313,0.17922437673130195,0.19074792243767313,0.07,1.4,-0.38085872576177293,0.11689750692520776,-0.38085872576177293,1.340747922437673,1.0077562326869807,0.9208310249307479,0.27080332409972296,0.9208310249307479,0.3946537396121884
1.55,,-15.537700831024928,0.0,6.297885503231761,,,,,,,,67.045729455217,-13.640858725761774,68.41897506925208,0.7,0.13568790397045244,0.12990766389658356,0.13568790397045244,0.6814681440443213,1.5715604801477379,1.3217451523545705,0.07146814404432134,1.3217451523545705,0.5068790397045244,1.4284395198522621,1.1438504155124654,0.09853185595567866,1.1438504155124654,0.8161495844875346,2.213758079409049,2.2181625115420127,0.15009233610341643,2.2181625115420127,0.21871652816251155,0.5146814404432133,0.4149584487534626,0.13853185595567868,0.4149584487534626,0.10834718374884578,2.328439519852262,2.286971375807941,0.0854108956602031,2.286971375807941,0.36706371191135734,2.3715604801477377,1.8087165281625115,0.07687903970452445,1.8087165281625115,1.4915604801477378,1.7715604801477378,1.7673407202216067,0.09972299168975068,1.7673407202216067,0.11275161588180979,2.8,1.9184395198522621,0.16394275161588176,1.9184395198522621,2.01724838411819,0.22843951985226224,0.18843951985226223,0.1785318559556787,0.18843951985226223,0.07,1.4,-0.3905540166204987,0.11412742382271468,-0.3905540166204987,1.3384395198522623,1.0146814404432134,0.9275253924284396,0.2744967682363804,0.9275253924284396,0.398808864265928
1.6,,-14.272465373961218,0.0,5.785881809787625,,,,,,,,69.20849492151432,-14.080886426592798,70.62603878116344,0.7,0.13522622345337026,0.12829178208679592,0.13522622345337026,0.6821606648199445,1.5738688827331488,1.3272853185595568,0.0721606648199446,1.3272853185595568,0.5022622345337027,1.4261311172668512,1.1362326869806094,0.0978393351800554,1.1362326869806094,0.8237673130193907,2.2045244690674055,2.211006463527239,0.15170821791320407,2.211006463527239,0.22125577100646354,0.521606648199446,0.42673130193905817,0.1378393351800554,0.42673130193905817,0.10442289935364726,2.326131117266851,2.2839704524469067,0.08010156971375804,2.2839704524469067,0.36567867036011076,2.3738688827331487,1.8112557710064636,0.07226223453370267,1.8112557710064636,1.4938688827331488,1.7738688827331486,1.770803324099723,0.0948753462603878,1.770803324099723,0.11090489381348106,2.8,1.9161311172668514,0.15794090489381343,1.9161311172668514,2.0190951061865188,0.22613111726685134,0.18613111726685133,0.1778393351800554,0.18613111726685133,0.07,1.4,-0.4002493074792245,0.1113573407202216,-0.4002493074792245,1.3361311172668513,1.0216066481994461,0.9342197599261312,0.27819021237303787,0.9342197599261312,0.4029639889196676
1.6500000000000001,,-13.0072299168975,0.0,5.273878116343486,,,,,,,,71.37126038781165,-14.520914127423824,72.8331024930748,0.7,0.1347645429362881,0.1266759002770083,0.1347645429362881,0.6828531855955678,1.5761772853185596,1.3328254847645429,0.07285318559556787,1.3328254847645429,0.4976454293628809,1.4238227146814404,1.1286149584487535,0.09714681440443212,1.1286149584487535,0.8313850415512466,2.1952908587257616,2.2038504155124654,0.1533240997229917,2.2038504155124654,0.2237950138504155,0.5285318559556786,0.43850415512465374,0.13714681440443213,0.43850415512465374,0.10049861495844872,2.32382271468144,2.2809695290858727,0.07479224376731297,2.2809695290858727,0.36429362880886423,2.3761772853185597,1.8137950138504155,0.06764542936288087,1.8137950138504155,1.4961772853185595,1.7761772853185596,1.7742659279778394,0.0900277008310249,1.7742659279778394,0.10905817174515234,2.8,1.9138227146814404,0.1519390581717451,1.9138227146814404,2.0209418282548475,0.22382271468144044,0.18382271468144046,0.17714681440443214,0.18382271468144046,0.07,1.4,-0.4099445983379503,0.10858725761772853,-0.4099445983379503,1.3338227146814405,1.0285318559556789,0.9409141274238227,0.2818836565096953,0.9409141274238227,0.40711911357340724
1.7000000000000002,,-11.74199445983379,0.0,4.76187442289935,,,,,,,,73.53402585410898,-14.96094182825485,75.04016620498616,0.7,0.13430286241920592,0.12506001846722067,0.13430286241920592,0.683545706371191,1.5784856879039706,1.338365650969529,0.07354570637119114,1.338365650969529,0.49302862419205906,1.4215143120960294,1.1209972299168975,0.09645429362880886,1.1209972299168975,0.8390027700831025,2.186057248384118,2.1966943674976913,0.15493998153277933,2.1966943674976913,0.22633425669436752,0.5354570637119114,0.45027700831024936,0.13645429362880887,0.45027700831024936,0.09657433056325021,2.3215143120960295,2.2779686057248383,0.0694829178208679,2.2779686057248383,0.3629085872576177,2.37848568790397,1.8163342566943677,0.06302862419205907,1.8163342566943677,1.4984856879039705,1.7784856879039705,1.7777285318559557,0.08518005540166201,1.7777285318559557,0.10721144967682363,2.8,1.9115143120960294,0.14593721144967678,1.9115143120960294,2.0227885503231766,0.22151431209602956,0.18151431209602953,0.17645429362880888,0.18151431209602953,0.07,1.4,-0.41963988919667594,0.10581717451523545,-0.41963988919667594,1.3315143120960296,1.0354570637119114,0.9476084949215143,0.2855771006463528,0.9476084949215143,0.4112742382271468
1.75,,-10.47675900277008,0.0,4.249870729455214,,,,,,,,75.69679132040629,-15.400969529085874,77.24722991689751,0.7,0.13384118190212374,0.12344413665743306,0.13384118190212374,0.6842382271468144,1.5807940904893814,1.343905817174515,0.07423822714681441,1.343905817174515,0.4884118190212373,1.4192059095106186,1.1133795013850416,0.0957617728531856,1.1133795013850416,0.8466204986149585,2.1768236380424746,2.1895383194829177,0.15655586334256696,2.1895383194829177,0.22887349953831948,0.5423822714681441,0.46204986149584487,0.1357617728531856,0.46204986149584487,0.0926500461680517,2.3192059095106186,2.2749676823638043,0.06417359187442287,2.2749676823638043,0.3615235457063712,2.380794090489381,1.8188734995383196,0.05841181902123729,1.8188734995383196,1.5007940904893813,1.7807940904893813,1.781191135734072,0.08033240997229915,1.781191135734072,0.10536472760849491,2.8,1.9092059095106186,0.13993536472760845,1.9092059095106186,2.0246352723915053,0.21920590951061866,0.17920590951061866,0.17576177285318562,0.17920590951061866,0.07,1.4,-0.4293351800554017,0.10304709141274239,-0.4293351800554017,1.3292059095106188,1.042382271468144,0.9543028624192059,0.2892705447830102,0.9543028624192059,0.41542936288088644
1.8,,-9.21152354570637,0.0,3.737867036011078,,,,,,,,77.8595567867036,-15.840997229916898,79.45429362880887,0.7,0.13337950138504157,0.12182825484764542,0.13337950138504157,0.6849307479224377,1.5831024930747923,1.3494459833795014,0.07493074792243767,1.3494459833795014,0.4837950138504155,1.4168975069252077,1.1057617728531857,0.09506925207756232,1.1057617728531857,0.8542382271468145,2.167590027700831,2.182382271468144,0.15817174515235458,2.182382271468144,0.23141274238227147,0.5493074792243767,0.47382271468144044,0.13506925207756232,0.47382271468144044,0.08872576177285316,2.3168975069252076,2.27196675900277,0.058864265927977805,2.27196675900277,0.3601385041551246,2.383102493074792,1.8214127423822715,0.05379501385041549,1.8214127423822715,1.5031024930747923,1.7831024930747923,1.7846537396121884,0.07548476454293629,1.7846537396121884,0.1035180055401662,2.8,1.9068975069252077,0.13393351800554013,1.9068975069252077,2.026481994459834,0.21689750692520776,0.17689750692520775,0.17506925207756233,0.17689750692520775,0.07,1.4,-0.4390304709141275,0.10027700831024931,-0.4390304709141275,1.3268975069252078,1.0493074792243768,0.9609972299168975,0.2929639889196676,0.9609972299168975,0.41958448753462607
1.85,,-7.946288088642653,0.0,3.2258633425669387,,,,,,,,80.02232225300094,-16.281024930747922,81.66135734072023,0.7,0.13291782086795936,0.1202123730378578,0.13291782086795936,0.6856232686980609,1.5854108956602033,1.3549861495844875,0.07562326869806095,1.3549861495844875,0.4791782086795937,1.4145891043397967,1.0981440443213297,0.09437673130193905,1.0981440443213297,0.8618559556786705,2.1583564173591876,2.1752262234533704,0.15978762696214222,2.1752262234533704,0.23395198522622346,0.5562326869806095,0.485595567867036,0.13437673130193906,0.485595567867036,0.08480147737765464,2.3145891043397966,2.268965835641736,0.05355493998153274,2.268965835641736,0.3587534626038781,2.385410895660203,1.8239519852262236,0.049178208679593716,1.8239519852262236,1.5054108956602033,1.7854108956602033,1.7881163434903047,0.0706371191135734,1.7881163434903047,0.10167128347183749,2.8,1.9045891043397967,0.1279316712834718,1.9045891043397967,2.0283287165281627,0.21458910433979686,0.17458910433979685,0.17437673130193906,0.17458910433979685,0.07,1.4,-0.4487257617728533,0.09750692520775622,-0.4487257617728533,1.3245891043397968,1.0562326869806096,0.9676915974145891,0.296657433056325,0.9676915974145891,0.42373961218836564
1.9000000000000001,,-6.681052631578943,0.0,2.713859649122803,,,,,,,,82.18508771929825,-16.72105263157895,83.86842105263159,0.7,0.1324561403508772,0.11859649122807017,0.1324561403508772,0.6863157894736842,1.587719298245614,1.3605263157894736,0.07631578947368421,1.3605263157894736,0.47456140350877196,1.412280701754386,1.0905263157894738,0.09368421052631579,1.0905263157894738,0.8694736842105264,2.149122807017544,2.1680701754385963,0.16140350877192983,2.1680701754385963,0.23649122807017545,0.5631578947368421,0.4973684210526316,0.1336842105263158,0.4973684210526316,0.0808771929824561,2.3122807017543856,2.2659649122807015,0.048245614035087675,2.2659649122807015,0.35736842105263156,2.387719298245614,1.8264912280701755,0.04456140350877191,1.8264912280701755,1.507719298245614,1.787719298245614,1.7915789473684212,0.06578947368421051,1.7915789473684212,0.09982456140350876,2.8,1.902280701754386,0.12192982456140347,1.902280701754386,2.0301754385964914,0.21228070175438596,0.17228070175438598,0.1736842105263158,0.17228070175438598,0.07,1.4,-0.45842105263157906,0.09473684210526315,-0.45842105263157906,1.322280701754386,1.0631578947368423,0.9743859649122808,0.3003508771929825,0.9743859649122808,0.4278947368421053
1.9500000000000002,,-5.415817174515233,0.0,2.201855955678667,,,,,,,,84.34785318559558,-17.161080332409973,86.07548476454295,0.7,0.131994459833795,0.11698060941828255,0.131994459833795,0.6870083102493074,1.590027700831025,1.3660664819944597,0.07700831024930749,1.3660664819944597,0.4699445983379501,1.409972299168975,1.0829085872576178,0.09299168975069251,1.0829085872576178,0.8770914127423823,2.1398891966759,2.1609141274238226,0.16301939058171747,2.1609141274238226,0.23903047091412744,0.5700831024930748,0.5091412742382272,0.13299168975069253,0.5091412742382272,0.07695290858725759,2.309972299168975,2.2629639889196675,0.04293628808864261,2.2629639889196675,0.35598337950138503,2.3900277008310247,1.8290304709141276,0.03994459833795011,1.8290304709141276,1.510027700831025,1.790027700831025,1.7950415512465374,0.06094182825484762,1.7950415512465374,0.09797783933518005,2.8,1.899972299168975,0.11592797783933512,1.899972299168975,2.03202216066482,0.20997229916897509,0.16997229916897505,0.17299168975069254,0.16997229916897505,0.07,1.4,-0.46811634349030484,0.09196675900277007,-0.46811634349030484,1.319972299168975,1.0700831024930748,0.9810803324099724,0.3040443213296399,0.9810803324099724,0.4320498614958449
2.0,,-4.150581717451523,0.0,1.689852262234531,,,,,,,,86.5106186518929,-17.601108033240997,88.2825484764543,0.7,0.13153277931671284,0.11536472760849492,0.13153277931671284,0.6877008310249307,1.5923361034164358,1.371606648199446,0.07770083102493075,1.371606648199446,0.46532779316712836,1.4076638965835642,1.075290858725762,0.09229916897506925,1.075290858725762,0.8847091412742383,2.1306555863342567,2.153758079409049,0.1646352723915051,2.153758079409049,0.2415697137580794,0.5770083102493075,0.5209141274238227,0.13229916897506927,0.5209141274238227,0.07302862419205908,2.307663896583564,2.2599630655586336,0.03762696214219757,2.2599630655586336,0.3545983379501385,2.3923361034164357,1.8315697137580795,0.035327793167128335,1.8315697137580795,1.5123361034164358,1.7923361034164358,1.798504155124654,0.056094182825484756,1.798504155124654,0.09613111726685133,2.8,1.8976638965835642,0.10992613111726682,1.8976638965835642,2.033868882733149,0.20766389658356418,0.16766389658356418,0.17229916897506925,0.16766389658356418,0.07,1.4,-0.4778116343490305,0.08919667590027701,-0.4778116343490305,1.3176638965835643,1.0770083102493075,0.987774699907664,0.30773776546629733,0.987774699907664,0.4362049861495845
2.0500000000000003,,-2.8853462603878057,0.0,1.1778485687903917,,,,,,,,88.67338411819023,-18.041135734072025,90.48961218836567,0.7,0.13107109879963066,0.11374884579870728,0.13107109879963066,0.6883933518005539,1.5946445060018468,1.377146814404432,0.07839335180055403,1.377146814404432,0.46071098799630655,1.4053554939981532,1.0676731301939058,0.09160664819944597,1.0676731301939058,0.8923268698060942,2.121421975992613,2.146602031394275,0.16625115420129272,2.146602031394275,0.2441089566020314,0.5839335180055403,0.5326869806094183,0.13160664819944598,0.5326869806094183,0.06910433979686054,2.305355493998153,2.256962142197599,0.03231763619575248,2.256962142197599,0.35321329639889193,2.3946445060018466,1.8341089566020314,0.030710987996306532,1.8341089566020314,1.5146445060018467,1.7946445060018468,1.8019667590027701,0.05124653739612184,1.8019667590027701,0.09428439519852261,2.8,1.8953554939981532,0.10392428439519846,1.8953554939981532,2.0357156048014775,0.20535549399815328,0.16535549399815327,0.171606648199446,0.16535549399815327,0.07,1.4,-0.4875069252077564,0.08642659279778392,-0.4875069252077564,1.3153554939981533,1.0839335180055403,0.9944690674053556,0.3114312096029548,0.9944690674053556,0.44036011080332416
2.1,,-1.6201108033240956,0.0,0.6658448753462558,,,,,,,,90.83614958448754,-18.48116343490305,92.69667590027701,0.7,0.1306094182825485,0.11213296398891967,0.1306094182825485,0.6890858725761773,1.5969529085872578,1.3826869806094182,0.07908587257617729,1.3826869806094182,0.45609418282548475,1.4030470914127422,1.0600554016620498,0.09091412742382271,1.0600554016620498,0.8999445983379502,2.1121883656509697,2.139445983379501,0.16786703601108033,2.139445983379501,0.24664819944598337,0.5908587257617729,0.5444598337950138,0.13091412742382272,0.5444598337950138,0.06518005540166202,2.303047091412742,2.253961218836565,0.027008310249307443,2.253961218836565,0.3518282548476454,2.3969529085872576,1.8366481994459836,0.026094182825484757,1.8366481994459836,1.5169529085872577,1.7969529085872578,1.8054293628808864,0.046398891966758976,1.8054293628808864,0.0924376731301939,2.8,1.8930470914127422,0.09792243767313014,1.8930470914127422,2.037562326869806,0.2030470914127424,0.16304709141274237,0.17091412742382273,0.16304709141274237,0.07,1.4,-0.49720221606648207,0.08365650969529086,-0.49720221606648207,1.3130470914127423,1.090858725761773,1.0011634349030472,0.3151246537396122,1.0011634349030472,0.44451523545706373
2.15,,-0.35487534626039263,0.0,0.15384118190212348,,,,,,,,92.99891505078486,-18.921191135734073,94.90373961218836,0.7,0.13014773776546631,0.11051708217913205,0.13014773776546631,0.6897783933518005,1.5992613111726686,1.3882271468144043,0.07977839335180055,1.3882271468144043,0.451477377654663,1.4007386888273314,1.0524376731301939,0.09022160664819945,1.0524376731301939,0.9075623268698061,2.102954755309326,2.1322899353647276,0.16948291782086797,2.1322899353647276,0.24918744228993536,0.5977839335180055,0.5562326869806095,0.13022160664819946,0.5562326869806095,0.06125577100646351,2.300738688827331,2.250960295475531,0.021698984302862406,2.250960295475531,0.3504432132963989,2.3992613111726686,1.8391874422899355,0.021477377654662955,1.8391874422899355,1.5192613111726685,1.7992613111726685,1.8088919667590029,0.041551246537396114,1.8088919667590029,0.09059095106186518,2.8,1.8907386888273314,0.09192059095106186,1.8907386888273314,2.039409048938135,0.2007386888273315,0.1607386888273315,0.17022160664819946,0.1607386888273315,0.07,1.4,-0.5068975069252079,0.0808864265927978,-0.5068975069252079,1.3107386888273316,1.0977839335180057,1.0078578024007387,0.31881809787626963,1.0078578024007387,0.4486703601108033
2.2,2.920340909090909,0.2972727272727289,-0.003863636363636389,-0.048636363636363894,0.5409090909090944,-11.157488636363635,-11.10938636363636,-1.7683863636363752,0.5783863636363674,0.28861363636363824,-0.25770454545454713,93.53143181818182,-17.37088636363635,95.19098863636363,0.7,0.13,0.11,0.13,0.69,1.6,1.39,0.08,1.39,0.45,1.4,1.05,0.09,1.05,0.91,2.1,2.13,0.17,2.13,0.25,0.6,0.56,0.13,0.56,0.06,2.3,2.25,0.02,2.25,0.35,2.4,1.84,0.02,1.84,1.52,1.8,1.81,0.04,1.81,0.09,2.8,1.89,0.09,1.89,2.04,0.2,0.16,0.17,0.16,0.07,1.4,-0.51,0.08,-0.51,1.31,1.1,1.01,0.32,1.01,0.45
2.25,2.9061363636363637,0.660909090909091,-0.009545454545454546,-0.10545454545454545,1.3363636363636362,-10.653795454545454,-10.534954545454545,-4.368954545454545,1.4289545454545456,0.7130454545454545,-0.6366818181818182,93.29677272727272,-14.883954545454547,94.57479545454545,0.7,0.13,0.11,0.13,0.69,1.6,1.39,0.08,1.39,0.45,1.4,1.05,0.09,1.05,0.91,2.1,2.13,0.17,2.13,0.25,0.6,0.56,0.13,0.56,0.06,2.3,2.25,0.02,2.25,0.35,2.4,1.84,0.02,1.84,1.52,1.8,1.81,0.04,1.81,0.09,2.8,1.89,0.09,1.89,2.04,0.2,0.16,0.17,0.16,0.07,1.4,-0.51,0.08,-0.51,1.31,1.1,1.01,0.32,1.01,0.45
2.3000000000000003,2.891931818181818,1.0245454545454562,-0.015227272727272752,-0.16227272727272754,2.1318181818181854,-10.15010227272727,-9.960522727272725,-6.9695227272727385,2.2795227272727314,1.1374772727272746,-1.0156590909090926,93.06211363636363,-12.397022727272716,93.95860227272728,0.7,0.13,0.11,0.13,0.69,1.6,1.39,0.08,1.39,0.45,1.4,1.05,0.09,1.05,0.91,2.1,2.13,0.17,2.13,0.25,0.6,0.56,0.13,0.56,0.06,2.3,2.25,0.02,2.25,0.35,2.4,1.84,0.02,1.84,1.52,1.8,1.81,0.04,1.81,0.09,2.8,1.89,0.09,1.89,2.04,0.2,0.16,0.17,0.16,0.07,1.4,-0.51,0.08,-0.51,1.31,1.1,1.01,0.32,1.01,0.45
2.35,2.883404255319149,1.5087234042553204,-0.02170212765957448,-0.23042553191489376,3.2595744680851095,-8.936531914893612,-8.835787234042549,-8.867702127659573,3.125234042553193,1.7670212765957465,-1.5287234042553206,92.93274468085106,-10.445702127659576,93.52406382978724,0.7,0.12489361702127656,0.1014893617021276,0.12489361702127656,0.6882978723404255,1.5829787234042554,1.3627659574468083,0.07319148936170208,1.3627659574468083,0.42957446808510624,1.4,1.0636170212765959,0.08829787234042552,1.0636170212765959,0.8929787234042552,2.1,2.1265957446808508,0.17340425531914896,2.1265957446808508,0.23808510638297864,0.5829787234042552,0.5412765957446808,0.1129787234042552,0.5412765957446808,0.07361702127659583,2.3,2.243191489361702,0.02,2.243191489361702,0.36872340425531924,2.4170212765957446,1.8536170212765959,0.03361702127659584,1.8536170212765959,1.526808510638298,1.8170212765957447,1.816808510638298,0.03659574468085104,1.816808510638298,0.07808510638297864,2.782978723404255,1.8678723404255317,0.0814893617021276,1.8678723404255317,2.036595744680851,0.2,0.15659574468085105,0.16659574468085106,0.15659574468085105,0.07680851063829792,1.4,-0.5048936170212766,0.06978723404255312,-0.5048936170212766,1.316808510638298,1.1,1.0117021276595746,0.31489361702127655,1.0117021276595746,0.44489361702127656
2.4000000000000004,2.9137500000000007,2.6660000000000146,-0.03275000000000014,-0.3602500000000015,6.270000000000039,-3.7624499999999332,-4.640474999999946,-6.856274999999969,3.945950000000009,3.541575000000022,-2.7906750000000162,93.390325,-11.473950000000018,94.0995,0.7,0.1,0.06,0.1,0.68,1.5,1.23,0.04,1.23,0.33,1.4,1.13,0.08,1.13,0.81,2.1,2.11,0.19,2.11,0.18,0.5,0.45,0.03,0.45,0.14,2.3,2.21,0.02,2.21,0.46,2.5,1.92,0.1,1.92,1.56,1.9,1.85,0.02,1.85,0.02,2.7,1.76,0.04,1.76,2.02,0.2,0.14,0.15,0.14,0.11,1.4,-0.48,0.02,-0.48,1.35,1.1,1.02,0.29,1.02,0.42
2.45,2.9762500000000003,3.9660000000000086,-0.05050000000000017,-0.5082500000000011,9.665000000000022,1.8384250000000337,-0.0185499999999712,-6.347575000000018,4.315374999999999,5.730550000000016,-4.329000000000011,94.26570000000001,-13.318000000000014,95.21050000000001,0.7,0.1,0.06,0.1,0.68,1.5,1.23,0.04,1.23,0.33,1.4,1.13,0.08,1.13,0.81,2.1,2.11,0.19,2.11,0.18,0.5,0.45,0.03,0.45,0.14,2.3,2.21,0.02,2.21,0.46,2.5,1.92,0.1,1.92,1.56,1.9,1.85,0.02,1.85,0.02,2.7,1.76,0.04,1.76,2.02,0.2,0.14,0.15,0.14,0.11,1.4,-0.48,0.02,-0.48,1.35,1.1,1.02,0.29,1.02,0.42
2.5,3.031794871794872,5.278717948717949,-0.08384615384615386,-0.6812820512820513,13.284615384615387,5.95620512820513,3.9800000000000018,-11.325589743589745,3.2363333333333326,8.600435897435899,-6.2666666666666675,95.66969230769232,-15.35671794871795,96.90353846153847,0.7,0.1,0.06,0.1,0.68,1.5,1.23,0.04,1.23,0.33,1.4,1.13,0.08,1.13,0.81,2.1,2.11,0.19,2.11,0.18,0.5,0.45,0.03,0.45,0.14,2.3,2.21,0.02,2.21,0.46,2.5,1.92,0.1,1.92,1.56,1.9,1.85,0.02,1.85,0.02,2.7,1.76,0.04,1.76,2.02,0.2,0.14,0.15,0.14,0.11,1.4,-0.48,0.02,-0.48,1.35,1.1,1.02,0.29,1.02,0.42
2.5500000000000003,3.1138461538461537,6.608461538461542,-0.0807692307692308,-0.8730769230769236,20.300000000000015,7.668923076923077,7.674307692307697,-6.453769230769222,1.5512307692307603,12.296846153846163,-8.32438461538462,94.50423076923077,-14.116692307692311,95.56284615384617,0.7,0.1,0.06,0.1,0.68,1.5,1.23,0.04,1.23,0.33,1.4,1.13,0.08,1.13,0.81,2.1,2.11,0.19,2.11,0.18,0.5,0.45,0.03,0.45,0.14,2.3,2.21,0.02,2.21,0.46,2.5,1.92,0.1,1.92,1.56,1.9,1.85,0.02,1.85,0.02,2.7,1.76,0.04,1.76,2.02,0.2,0.14,0.15,0.14,0.11,1.4,-0.48,0.02,-0.48,1.35,1.1,1.02,0.29,1.02,0.42
2.6,3.181538461538462,7.919743589743595,-0.09358974358974363,-1.0946153846153854,25.228205128205147,7.7770769230769226,9.607487179487187,-3.530589743589734,-1.782461538461551,15.613615384615397,-9.934179487179494,94.42607692307692,-15.25812820512821,95.66289743589743,0.7,0.1,0.06,0.1,0.68,1.5,1.23,0.04,1.23,0.33,1.4,1.13,0.08,1.13,0.81,2.1,2.11,0.19,2.11,0.18,0.5,0.45,0.03,0.45,0.14,2.3,2.21,0.02,2.21,0.46,2.5,1.92,0.1,1.92,1.56,1.9,1.85,0.02,1.85,0.02,2.7,1.76,0.04,1.76,2.02,0.2,0.14,0.15,0.14,0.11,1.4,-0.48,0.02,-0.48,1.35,1.1,1.02,0.29,1.02,0.42
2.6500000000000004,3.2648717948717954,9.240256410256418,-0.11282051282051295,-1.3253846153846165,29.7794871794872,7.786692307692308,11.200435897435904,0.019410256410279825,-4.6856666666666795,18.731564102564118,-11.461743589743596,94.51389743589743,-16.793384615384625,96.00841025641026,0.7,0.1,0.06,0.1,0.68,1.5,1.23,0.04,1.23,0.33,1.4,1.1684615384615389,0.060769230769230576,1.1684615384615389,0.7587179487179482,2.1,2.071538461538461,0.22846153846153885,2.071538461538461,0.1479487179487176,0.43589743589743524,0.3923076923076917,0.049230769230769425,0.3923076923076917,0.056666666666665796,2.235897435897435,2.1779487179487176,0.052051282051282385,2.1779487179487176,0.47282051282051296,2.4358974358974352,1.9135897435897435,0.08076923076923058,1.9135897435897435,1.5279487179487177,1.9,1.8692307692307695,0.03923076923076943,1.8692307692307695,0.013589743589743523,2.7,1.7279487179487176,0.03358974358974352,1.7279487179487176,2.064871794871795,0.2,0.14,0.15,0.14,0.11,1.4,-0.48,0.02,-0.48,1.35,1.1,1.007179487179487,0.2579487179487176,1.007179487179487,0.4135897435897435
2.7,3.354615384615385,10.55153846153847,-0.13846153846153864,-1.565384615384617,33.40000000000002,7.851000000000001,11.98238461538462,7.121461538461588,-5.452538461538462,21.14946153846155,-12.792615384615392,94.72523076923076,-18.84338461538463,96.59661538461539,0.7,0.1,0.06,0.1,0.68,1.5,1.23,0.04,1.23,0.33,1.4,1.19,0.05,1.19,0.73,2.1,2.05,0.25,2.05,0.13,0.4,0.36,0.06,0.36,0.01,2.2,2.16,0.07,2.16,0.48,2.4,1.91,0.07,1.91,1.51,1.9,1.88,0.05,1.88,0.01,2.7,1.71,0.03,1.71,2.09,0.2,0.14,0.15,0.14,0.11,1.4,-0.48,0.02,-0.48,1.35,1.1,1.0,0.24,1.0,0.41
2.75,3.446842105263158,11.86263157894737,-0.15210526315789474,-1.8342105263157897,35.294736842105266,8.805842105263158,11.777947368421053,9.878315789473687,-8.200368421052634,21.970157894736843,-13.960684210526317,94.69763157894737,-19.841526315789473,96.7677894736842,0.7,0.1,0.06,0.1,0.68,1.5,1.23,0.04,1.23,0.33,1.4,1.19,0.05,1.19,0.73,2.1,2.05,0.25,2.05,0.13,0.4,0.36,0.06,0.36,0.01,2.2,2.16,0.07,2.16,0.48,2.4,1.91,0.07,1.91,1.51,1.9,1.88,0.05,1.88,0.01,2.7,1.71,0.03,1.71,2.09,0.2,0.14,0.15,0.14,0.11,1.4,-0.48,0.02,-0.48,1.35,1.1,1.0,0.24,1.0,0.41
2.8000000000000003,3.5510256410256416,13.183076923076934,-0.17025641025641045,-2.112820512820515,36.912820512820524,9.834256410256419,11.473230769230767,12.310846153846173,-11.481461538461566,22.518025641025645,-15.096615384615394,94.60948717948719,-20.6408717948718,96.84776923076923,0.7,0.1,0.06,0.1,0.68,1.5,1.23,0.04,1.23,0.33,1.4,1.19,0.05,1.19,0.73,2.1,2.05,0.25,2.05,0.13,0.4,0.36,0.06,0.36,0.01,2.2,2.16,0.07,2.16,0.48,2.4,1.91,0.07,1.91,1.51,1.9,1.88,0.05,1.88,0.01,2.7,1.71,0.03,1.71,2.09,0.2,0.14,0.15,0.14,0.11,1.4,-0.48,0.02,-0.48,1.35,1.1,1.0,0.24,1.0,0.41
2.85,3.6552631578947365,14.50394736842105,-0.1963157894736842,-2.407631578947368,37.72631578947368,10.844,11.039578947368422,14.796368421052629,-15.313210526315784,22.394552631578946,-16.042499999999997,94.40842105263158,-21.156052631578948,96.76313157894737,0.7,0.1,0.06,0.1,0.68,1.5,1.23,0.04,1.23,0.33,1.4,1.19,0.05,1.19,0.73,2.1,2.05,0.25,2.05,0.13,0.4,0.36,0.06,0.36,0.01,2.2,2.16,0.07,2.16,0.48,2.4,1.91,0.07,1.91,1.51,1.9,1.88,0.05,1.88,0.01,2.7,1.71,0.03,1.71,2.09,0.2,0.14,0.15,0.14,0.11,1.4,-0.48,0.02,-0.48,1.35,1.1,1.0,0.24,1.0,0.41
2.9000000000000004,3.769473684210527,15.806315789473695,-0.21210526315789496,-2.7052631578947395,37.56842105263158,11.457421052631581,10.856210526315788,17.686421052631594,-15.215842105263167,21.849789473684204,-16.45136842105263,94.36878947368422,-22.595157894736843,97.05473684210526,0.7,0.1,0.06,0.1,0.7,1.3,1.11,0.18,1.11,0.21,1.4,1.21,0.04,1.21,0.73,2.0,2.02,0.27,2.02,0.09,0.4,0.43,0.02,0.43,0.06,2.1,2.06,0.17,2.06,0.48,2.4,1.93,0.08,1.93,1.48,1.9,1.93,0.1,1.93,0.0,2.7,1.71,0.0,1.71,2.14,0.2,0.12,0.13,0.12,0.12,1.4,-0.42,0.03,-0.42,1.34,1.0,0.92,0.15,0.92,0.4
2.95,3.886923076923077,17.124358974358977,-0.24230769230769242,-3.0225641025641035,37.135897435897434,11.518692307692307,10.626820512820512,19.639769230769236,-16.33115384615385,21.22033333333333,-16.657846153846155,94.02561538461538,-23.24148717948718,96.875,0.7,0.1,0.06,0.1,0.7,1.3,1.11,0.18,1.11,0.21,1.4,1.21,0.04,1.21,0.73,2.0,2.02,0.27,2.02,0.09,0.4,0.43,0.02,0.43,0.06,2.1,2.06,0.17,2.06,0.48,2.4,1.93,0.08,1.93,1.48,1.9,1.93,0.1,1.93,0.0,2.7,1.71,0.0,1.71,2.14,0.2,0.12,0.13,0.12,0.12,1.4,-0.42,0.03,-0.42,1.34,1.0,0.92,0.15,0.92,0.4
3.0,4.003947368421053,18.43052631578947,-0.2813157894736842,-3.347631578947368,36.544736842105266,11.21128947368421,10.283947368421053,21.25236842105263,-17.191499999999998,20.550289473684213,-16.75423684210526,93.77113157894736,-24.58865789473684,96.96568421052632,0.7,0.1,0.06,0.1,0.7,1.3,1.11,0.18,1.11,0.21,1.4,1.21,0.04,1.21,0.73,2.0,2.02,0.27,2.02,0.09,0.4,0.43,0.02,0.43,0.06,2.1,2.06,0.17,2.06,0.48,2.4,1.93,0.08,1.93,1.48,1.9,1.93,0.1,1.93,0.0,2.7,1.71,0.0,1.71,2.14,0.2,0.12,0.13,0.12,0.12,1.4,-0.42,0.03,-0.42,1.34,1.0,0.92,0.15,0.92,0.4
3.0500000000000003,4.122307692307693,19.735641025641034,-0.3102564102564103,-3.706923076923079,35.98717948717948,10.464794871794867,9.903538461538458,21.149871794871792,-17.91515384615385,19.76215384615384,-16.820307692307694,93.74646153846153,-25.715589743589753,97.23164102564103,0.7,0.1,0.06,0.1,0.7,1.3,1.11,0.18,1.11,0.21,1.4,1.21,0.04,1.21,0.73,2.0,2.02,0.27,2.02,0.09,0.4,0.43,0.02,0.43,0.06,2.1,2.06,0.17,2.06,0.48,2.4,1.93,0.08,1.93,1.48,1.9,1.93,0.1,1.93,0.0,2.7,1.71,0.0,1.71,2.14,0.2,0.12,0.13,0.12,0.12,1.4,-0.42,0.03,-0.42,1.34,1.0,0.92,0.15,0.92,0.4
3.1,4.238421052631579,21.022631578947372,-0.3263157894736843,-4.05842105263158,35.373684210526314,9.669631578947367,9.43273684210526,20.911526315789473,-18.801000000000002,18.931684210526313,-16.942947368421052,93.74157894736842,-26.61284210526316,97.4658947368421,0.7,0.1,0.06,0.1,0.7,1.3,1.11,0.18,1.11,0.21,1.431578947368421,1.2194736842105263,0.03684210526315788,1.2194736842105263,0.755263157894737,2.0,2.0231578947368423,0.2668421052631579,2.0231578947368423,0.08052631578947363,0.4,0.43,0.02,0.43,0.06,2.1,2.06,0.17,2.06,0.48,2.4,1.93,0.08,1.93,1.48,1.9,1.93,0.1,1.93,0.0,2.7,1.71,0.0,1.71,2.14,0.2,0.12,0.13,0.12,0.12,1.4,-0.42,0.03,-0.42,1.34,1.0,0.92,0.15,0.92,0.4
3.1500000000000004,4.3568421052631585,22.325263157894746,-0.3526315789473686,-4.433157894736844,34.84736842105263,8.976578947368417,8.494578947368414,21.364789473684212,-19.966789473684216,17.927315789473678,-17.30247368421053,93.59573684210527,-27.273052631578953,97.50773684210526,0.7,0.1,0.06,0.1,0.7,1.3,1.11,0.18,1.11,0.21,1.5,1.24,0.03,1.24,0.81,2.0,2.03,0.26,2.03,0.06,0.4,0.43,0.02,0.43,0.06,2.1,2.06,0.17,2.06,0.48,2.4,1.93,0.08,1.93,1.48,1.9,1.93,0.1,1.93,0.0,2.7,1.71,0.0,1.71,2.14,0.2,0.12,0.13,0.12,0.12,1.4,-0.42,0.03,-0.42,1.34,1.0,0.92,0.15,0.92,0.4
3.2,4.475263157894737,23.627894736842112,-0.36947368421052634,-4.8147368421052645,34.22631578947369,8.429526315789472,7.221473684210521,20.413263157894733,-19.55331578947368,16.814315789473678,-17.711789473684213,93.3267894736842,-28.286368421052636,97.54015789473685,0.7,0.1,0.06,0.1,0.7,1.3,1.11,0.18,1.11,0.21,1.5,1.24,0.03,1.24,0.81,2.0,2.03,0.26,2.03,0.06,0.4,0.43,0.02,0.43,0.06,2.1,2.06,0.17,2.06,0.48,2.4,1.93,0.08,1.93,1.48,1.9,1.93,0.1,1.93,0.0,2.7,1.71,0.0,1.71,2.14,0.2,0.12,0.13,0.12,0.12,1.4,-0.42,0.03,-0.42,1.34,1.0,0.92,0.15,0.92,0.4
3.25,4.583684210526315,24.9178947368421,-0.39789473684210513,-5.218947368421051,33.94736842105263,7.59247368421053,5.708157894736847,20.99578947368421,-22.32694736842105,16.007526315789477,-18.15257894736842,93.06531578947369,-28.914894736842104,97.47578947368422,0.7,0.1,0.06,0.1,0.7,1.3,1.11,0.18,1.11,0.21,1.5,1.24,0.03,1.24,0.81,2.0,2.03,0.26,2.03,0.06,0.4,0.43,0.02,0.43,0.06,2.1,2.06,0.17,2.06,0.48,2.4,1.93,0.08,1.93,1.48,1.9,1.93,0.1,1.93,0.0,2.7,1.71,0.0,1.71,2.14,0.2,0.12,0.13,0.12,0.12,1.4,-0.42,0.03,-0.42,1.34,1.0,0.92,0.15,0.92,0.4
3.3000000000000003,4.702105263157896,26.20157894736843,-0.43157894736842123,-5.619473684210529,33.68421052631579,6.576631578947361,4.279473684210518,21.372368421052634,-22.897052631578948,15.485894736842102,-18.34978947368421,92.95905263157894,-29.91615789473685,97.68321052631579,0.7,0.1,0.06,0.1,0.7,1.3,1.11,0.18,1.11,0.21,1.5,1.24,0.03,1.24,0.81,2.0,2.03,0.26,2.03,0.06,0.4,0.43,0.02,0.43,0.06,2.1,2.06,0.17,2.06,0.48,2.4,1.93,0.08,1.93,1.48,1.9,1.93,0.1,1.93,0.0,2.7,1.71,0.0,1.71,2.14,0.2,0.12,0.13,0.12,0.12,1.4,-0.42,0.03,-0.42,1.34,1.0,0.92,0.15,0.92,0.4
3.35,4.813513513513514,27.51054054054054,-0.46756756756756745,-6.044054054054054,33.50810810810811,5.48064864864865,3.6670810810810814,22.509594594594592,-22.660054054054054,15.240540540540541,-18.317351351351352,92.8178918918919,-30.555486486486487,97.74732432432432,0.7,0.1,0.06,0.1,0.7,1.3,1.11,0.18,1.11,0.21,1.5,1.24,0.03,1.24,0.81,2.0,2.03,0.26,2.03,0.06,0.4,0.43,0.02,0.43,0.06,2.1,2.06,0.17,2.06,0.48,2.4,1.93,0.08,1.93,1.48,1.9,1.93,0.1,1.93,0.0,2.7,1.71,0.0,1.71,2.14,0.2,0.12,0.13,0.12,0.12,1.4,-0.42,0.03,-0.42,1.34,1.0,0.92,0.15,0.92,0.4
3.4000000000000004,4.90945945945946,28.785945945945954,-0.504864864864865,-6.480270270270274,33.37567567567567,4.618324324324318,3.3262432432432405,22.6782972972973,-22.35008108108108,15.082054054054053,-18.230945945945944,92.67372972972973,-31.3485945945946,97.86335135135135,0.8,0.1,0.07,0.1,0.73,1.3,1.09,0.21,1.09,0.18,1.6,1.24,0.07,1.24,0.89,2.0,1.97,0.3,1.97,0.08,0.4,0.4,0.03,0.4,0.12,2.0,2.01,0.23,2.01,0.34,2.3,1.87,0.01,1.87,1.39,2.0,1.97,0.15,1.97,0.03,2.7,1.77,0.04,1.77,2.05,0.2,0.11,0.1,0.11,0.14,1.4,-0.46,0.0,-0.46,1.34,0.9,0.78,0.03,0.78,0.46
3.45,5.0116216216216225,30.09081081081082,-0.5378378378378381,-6.926216216216218,33.24054054054054,3.8164864864864825,2.978189189189187,23.176729729729736,-22.03445945945946,14.89864864864865,-18.14235135135135,92.57297297297298,-32.19632432432433,98.04421621621621,0.8,0.1,0.07,0.1,0.73,1.3,1.09,0.21,1.09,0.18,1.6,1.24,0.07,1.24,0.89,2.0,1.97,0.3,1.97,0.08,0.4,0.4,0.03,0.4,0.12,2.0,2.01,0.23,2.01,0.34,2.3,1.87,0.01,1.87,1.39,2.0,1.97,0.15,1.97,0.03,2.7,1.77,0.04,1.77,2.05,0.2,0.11,0.1,0.11,0.14,1.4,-0.46,0.0,-0.46,1.34,0.9,0.78,0.03,0.78,0.46
3.5,5.115675675675676,31.388108108108113,-0.5783783783783785,-7.381621621621624,32.91621621621621,3.264189189189187,2.6318378378378364,25.202675675675685,-21.720540540540537,14.621216216216215,-18.054513513513513,92.63945945945946,-33.105918918918924,98.4084054054054,0.8,0.1,0.07,0.1,0.73,1.3,1.09,0.21,1.09,0.18,1.6,1.24,0.07,1.24,0.89,2.0,1.97,0.3,1.97,0.08,0.4,0.4,0.03,0.4,0.12,2.0,2.01,0.23,2.01,0.34,2.3,1.87,0.01,1.87,1.39,2.0,1.97,0.15,1.97,0.03,2.7,1.77,0.04,1.77,2.05,0.2,0.11,0.1,0.11,0.14,1.4,-0.46,0.0,-0.46,1.34,0.9,0.78,0.03,0.78,0.46
3.5500000000000003,5.197837837837838,32.682432432432435,-0.615945945945946,-7.854054054054055,32.38108108108108,3.1051891891891885,2.286891891891891,26.474459459459464,-21.407324324324325,14.056648648648647,-17.96597297297297,92.41827027027027,-33.915891891891896,98.47678378378379,0.8,0.1,0.07,0.1,0.73,1.3,1.09,0.21,1.09,0.18,1.6,1.24,0.07,1.24,0.89,2.0,1.97,0.3,1.97,0.08,0.4,0.4,0.03,0.4,0.12,2.0,2.01,0.23,2.01,0.34,2.3,1.87,0.01,1.87,1.39,2.0,1.97,0.15,1.97,0.03,2.7,1.77,0.04,1.77,2.05,0.2,0.11,0.1,0.11,0.14,1.4,-0.46,0.0,-0.46,1.34,0.9,0.78,0.03,0.78,0.46
3.6,5.278918918918919,33.95972972972973,-0.6494594594594595,-8.333513513513514,31.84054054054054,2.9508648648648643,1.9422432432432428,27.6382972972973,-21.09516216216216,13.510864864864864,-17.87883783783784,92.21232432432433,-34.77832432432432,98.58418918918919,0.8,0.1,0.07,0.1,0.73,1.3,1.09,0.21,1.09,0.18,1.6,1.24,0.07,1.24,0.89,2.0,1.97,0.3,1.97,0.08,0.4,0.4,0.03,0.4,0.12,2.0,2.01,0.23,2.01,0.34,2.3,1.87,0.01,1.87,1.39,2.0,1.97,0.15,1.97,0.03,2.7,1.77,0.04,1.77,2.05,0.2,0.11,0.1,0.11,0.14,1.4,-0.46,0.0,-0.46,1.34,0.9,0.78,0.03,0.78,0.46
3.6500000000000004,5.3500000000000005,35.240000000000016,-0.6900000000000003,-8.820000000000006,31.399999999999995,2.7559999999999976,1.599999999999997,28.56799999999999,-20.784999999999997,13.084999999999997,-17.791,92.126,-35.885000000000005,98.897,0.8,0.1,0.08,0.1,0.76,1.3,1.09,0.21,1.09,0.18,1.6,1.24,0.07,1.24,0.89,2.0,1.97,0.3,1.97,0.08,0.4,0.4,0.03,0.4,0.12,2.0,2.01,0.23,2.01,0.34,2.3,1.87,0.01,1.87,1.39,2.0,1.97,0.15,1.97,0.03,2.7,1.77,0.04,1.77,2.05,0.2,0.1,0.1,0.1,0.14,1.4,-0.46,0.0,-0.46,1.34,0.9,0.78,0.03,0.78,0.46
3.7,5.411351351351351,36.531891891891895,-0.7313513513513515,-9.333783783783787,31.16216216216216,2.490378378378377,1.252648648648647,27.620837837837836,-20.46972972972973,12.808648648648647,-17.702783783783783,91.94124324324324,-36.95275675675676,99.11786486486487,0.8,0.1,0.08,0.1,0.76,1.3,1.09,0.21,1.09,0.18,1.6,1.24,0.07,1.24,0.89,2.0,1.97,0.3,1.97,0.08,0.4,0.4,0.03,0.4,0.12,2.0,2.01,0.23,2.01,0.34,2.3,1.87,0.01,1.87,1.39,2.0,1.97,0.15,1.97,0.03,2.7,1.77,0.04,1.77,2.05,0.2,0.1,0.1,0.1,0.14,1.4,-0.46,0.0,-0.46,1.34,0.9,0.78,0.03,0.78,0.46
3.75,5.4525,37.807500000000005,-0.7650000000000001,-9.855,31.025,2.2202499999999996,0.9084999999999992,27.30975,-20.15775,12.682,-17.615,91.80874999999999,-37.78725,99.31075,0.8,0.1,0.08,0.1,0.76,1.3,1.09,0.21,1.09,0.18,1.6,1.24,0.07,1.24,0.89,2.0,1.97,0.3,1.97,0.08,0.4,0.4,0.03,0.4,0.12,2.0,2.01,0.23,2.01,0.34,2.3,1.87,0.01,1.87,1.39,2.0,1.97,0.15,1.97,0.03,2.7,1.77,0.04,1.77,2.05,0.2,0.1,0.1,0.1,0.14,1.4,-0.46,0.0,-0.46,1.34,0.9,0.78,0.03,0.78,0.46
3.8000000000000003,5.46,39.0863888888889,-0.804166666666667,-10.415555555555558,31.11388888888889,2.2397777777777783,0.5636944444444422,27.064055555555555,-19.84488888888889,12.747722222222222,-17.527250000000002,91.73333333333333,-38.51580555555556,99.52194444444444,0.8,0.1,0.08,0.1,0.76,1.3,1.09,0.21,1.09,0.18,1.6,1.24,0.07,1.24,0.89,2.0,1.97,0.3,1.97,0.08,0.4,0.4,0.03,0.4,0.12,2.0,2.01,0.23,2.01,0.34,2.3,1.87,0.01,1.87,1.39,2.0,1.97,0.15,1.97,0.03,2.7,1.77,0.04,1.77,2.05,0.2,0.1,0.1,0.1,0.14,1.4,-0.46,0.0,-0.46,1.34,0.9,0.78,0.03,0.78,0.46
3.85,5.46,40.355555555555554,-0.8405555555555556,-10.97638888888889,31.2,2.3175555555555554,0.2206388888888881,26.79461111111111,-19.53377777777778,12.844416666666667,-17.440277777777776,91.66666666666667,-39.23280555555556,99.74191666666667,0.8,0.1,0.08,0.1,0.76,1.3,1.09,0.21,1.09,0.18,1.6,1.24,0.07,1.24,0.89,2.0,1.97,0.3,1.97,0.08,0.4,0.4,0.03,0.4,0.12,2.0,2.01,0.23,2.01,0.34,2.3,1.87,0.01,1.87,1.39,2.0,1.97,0.15,1.97,0.03,2.7,1.77,0.04,1.77,2.05,0.2,0.1,0.1,0.1,0.14,1.4,-0.46,0.0,-0.46,1.34,0.9,0.78,0.03,0.78,0.46
3.9000000000000004,5.46,41.64800000000001,-0.8782857142857144,-11.54714285714286,31.294285714285717,2.3958571428571434,-0.12888571428571588,26.520085714285713,-19.2168,12.942057142857143,-17.351599999999998,91.59968571428571,-39.96157142857143,99.96974285714286,0.8,0.08114285714285702,0.10828571428571448,0.08114285714285702,0.8071428571428575,1.1114285714285703,1.0428571428571425,0.29485714285714343,1.0428571428571425,0.10457142857142805,1.6,1.2682857142857145,0.11714285714285746,1.2682857142857145,0.946571428571429,2.0,1.9982857142857144,0.20571428571428507,1.9982857142857144,0.22142857142857242,0.5885714285714299,0.5320000000000009,0.08657142857142897,0.5320000000000009,0.20485714285714346,2.094285714285715,2.1137142857142863,0.13571428571428507,2.1137142857142863,0.2834285714285711,2.3,1.832285714285714,0.05714285714285747,1.832285714285714,1.3334285714285712,2.0,1.9982857142857144,0.17828571428571446,1.9982857142857144,0.011142857142857013,2.7,1.864285714285715,0.11542857142857194,1.864285714285715,1.8897142857142846,0.2,0.0905714285714285,0.08114285714285702,0.0905714285714285,0.14,1.4,-0.4882857142857145,0.02828571428571448,-0.4882857142857145,1.358857142857143,0.8057142857142852,0.6951428571428565,0.04885714285714299,0.6951428571428565,0.4694285714285715
3.95,5.456666666666667,42.92333333333333,-0.9166666666666667,-12.103333333333333,31.4,2.473333333333333,-0.471,26.252,-18.906666666666666,13.038,-17.264333333333333,91.533,-40.676,100.19833333333334,0.8,0.08,0.11,0.08,0.81,1.1,1.04,0.3,1.04,0.1,1.6,1.27,0.12,1.27,0.95,2.0,2.0,0.2,2.0,0.23,0.6,0.54,0.09,0.54,0.21,2.1,2.12,0.13,2.12,0.28,2.3,1.83,0.06,1.83,1.33,2.0,2.0,0.18,2.0,0.01,2.7,1.87,0.12,1.87,1.88,0.2,0.09,0.08,0.09,0.14,1.4,-0.49,0.03,-0.49,1.36,0.8,0.69,0.05,0.69,0.47
4.0,5.45,44.20599999999999,-0.952285714285714,-12.674571428571424,31.474285714285713,2.551599999999999,-0.8169999999999978,25.980628571428575,-18.593085714285717,13.135257142857142,-17.1762,91.46608571428571,-41.39834285714285,100.4338,0.8,0.08,0.11,0.08,0.81,1.1,1.04,0.3,1.04,0.1,1.6,1.27,0.12,1.27,0.95,2.0,2.0,0.2,2.0,0.23,0.6,0.54,0.09,0.54,0.21,2.1,2.12,0.13,2.12,0.28,2.3,1.83,0.06,1.83,1.33,2.0,2.0,0.18,2.0,0.01,2.7,1.87,0.12,1.87,1.88,0.2,0.09,0.08,0.09,0.14,1.4,-0.49,0.03,-0.49,1.36,0.8,0.69,0.05,0.69,0.47
4.05,5.4471428571428575,45.47,-0.9942857142857142,-13.238571428571428,31.58571428571429,2.650714285714285,-1.1602857142857135,25.759,-18.282,13.208428571428572,-17.089,91.40328571428572,-42.109,100.67285714285715,0.8,0.08,0.11,0.08,0.81,1.1,1.04,0.3,1.04,0.1,1.6,1.27,0.12,1.27,0.95,2.0,2.0,0.2,2.0,0.23,0.6,0.54,0.09,0.54,0.21,2.1,2.12,0.13,2.12,0.28,2.3,1.83,0.06,1.83,1.33,2.0,2.0,0.18,2.0,0.01,2.7,1.87,0.12,1.87,1.88,0.2,0.09,0.08,0.09,0.14,1.4,-0.49,0.03,-0.49,1.36,0.8,0.69,0.05,0.69,0.47
4.1000000000000005,5.418888888888889,46.76111111111113,-1.0311111111111115,-13.828888888888898,31.444444444444443,2.944000000000004,-1.509222222222227,26.23066666666668,-17.96555555555555,13.06033333333333,-17.0,91.34866666666666,-42.736000000000004,100.88966666666667,0.8,0.08,0.11,0.08,0.81,1.1,1.04,0.3,1.04,0.1,1.6,1.27,0.12,1.27,0.95,2.0,2.0,0.2,2.0,0.23,0.6,0.54,0.09,0.54,0.21,2.1,2.12,0.13,2.12,0.28,2.3,1.83,0.06,1.83,1.33,2.0,2.0,0.18,2.0,0.01,2.7,1.87,0.12,1.87,1.88,0.2,0.09,0.08,0.09,0.14,1.4,-0.49,0.03,-0.49,1.36,0.8,0.69,0.05,0.69,0.47
4.15,5.391111111111111,48.0388888888889,-1.0683333333333336,-14.426111111111114,31.21111111111111,3.180500000000001,-1.8532222222222239,27.61133333333334,-17.653499999999998,12.907833333333333,-16.912499999999998,91.18766666666667,-43.24277777777778,100.96355555555556,0.8944444444444452,0.08,0.13833333333333356,0.08,0.8477777777777781,1.1,0.9927777777777774,0.33777777777777807,0.9927777777777774,0.06222222222222194,1.6,1.251111111111111,0.11055555555555549,1.251111111111111,0.9594444444444444,2.0,2.009444444444444,0.17166666666666647,2.009444444444444,0.2583333333333335,0.41111111111110976,0.43611111111111034,0.05222222222222195,0.43611111111111034,0.12499999999999939,2.28888888888889,2.30888888888889,0.06388888888888841,2.30888888888889,0.26111111111111096,2.205555555555555,1.7544444444444438,0.1261111111111116,1.7544444444444438,1.292222222222222,2.1888888888888904,2.1888888888888904,0.3405555555555567,2.1888888888888904,0.06666666666666708,2.794444444444445,2.021111111111112,0.0444444444444439,2.021111111111112,1.8327777777777774,0.2,0.08055555555555549,0.0705555555555555,0.08055555555555549,0.14944444444444452,1.4944444444444451,-0.4994444444444445,0.058333333333333535,-0.4994444444444445,1.3788888888888888,0.8,0.6522222222222219,0.07833333333333353,0.6522222222222219,0.4794444444444445
4.2,5.359999999999999,49.30666666666667,-1.1100000000000003,-15.03666666666667,31.166666666666664,3.0276666666666645,-2.1986666666666688,27.882333333333335,-17.339999999999996,12.810666666666666,-16.824666666666666,91.19433333333333,-44.177666666666674,101.36933333333334,0.9,0.08,0.14,0.08,0.85,1.1,0.99,0.34,0.99,0.06,1.6,1.25,0.11,1.25,0.96,2.0,2.01,0.17,2.01,0.26,0.4,0.43,0.05,0.43,0.12,2.3,2.32,0.06,2.32,0.26,2.2,1.75,0.13,1.75,1.29,2.2,2.2,0.35,2.2,0.07,2.8,2.03,0.04,2.03,1.83,0.2,0.08,0.07,0.08,0.15,1.5,-0.5,0.06,-0.5,1.38,0.8,0.65,0.08,0.65,0.48
4.25,5.318333333333333,50.577222222222225,-1.1588888888888889,-15.655000000000001,31.1,2.5381666666666653,-2.543111111111112,28.400111111111112,-17.0275,12.719055555555556,-16.7365,91.19627777777778,-44.92483333333333,101.69961111111111,0.9,0.08,0.14,0.08,0.85,1.1,0.99,0.34,0.99,0.06,1.6,1.25,0.11,1.25,0.96,2.0,2.01,0.17,2.01,0.26,0.4,0.43,0.05,0.43,0.12,2.3,2.32,0.06,2.32,0.26,2.2,1.75,0.13,1.75,1.29,2.2,2.2,0.35,2.2,0.07,2.8,2.03,0.04,2.03,1.83,0.2,0.08,0.07,0.08,0.15,1.5,-0.5,0.06,-0.5,1.38,0.8,0.65,0.08,0.65,0.48
4.3,5.286666666666667,51.841111111111104,-1.203333333333333,-16.281111111111105,30.98888888888889,1.9557777777777834,-2.8874444444444416,28.98633333333333,-16.715222222222224,12.626666666666667,-16.649,91.19244444444443,-45.624222222222215,102.00866666666666,0.9,0.08,0.14,0.08,0.85,1.1,0.99,0.34,0.99,0.06,1.6,1.25,0.11,1.25,0.96,2.0,2.01,0.17,2.01,0.26,0.4,0.43,0.05,0.43,0.12,2.3,2.32,0.06,2.32,0.26,2.2,1.75,0.13,1.75,1.29,2.2,2.2,0.35,2.2,0.07,2.8,2.03,0.04,2.03,1.83,0.2,0.08,0.07,0.08,0.15,1.5,-0.5,0.06,-0.5,1.38,0.8,0.65,0.08,0.65,0.48
4.3500000000000005,5.245,53.10500000000001,-1.2450000000000003,-16.920000000000005,30.9,1.2319999999999935,-3.230000000000003,29.458500000000004,-16.404999999999998,12.521999999999998,-16.561999999999998,91.15899999999999,-46.380500000000005,102.3185,0.9,0.08,0.14,0.08,0.85,1.1,0.99,0.34,0.99,0.06,1.6,1.25,0.11,1.25,0.96,2.0,2.01,0.17,2.01,0.26,0.4,0.43,0.05,0.43,0.12,2.3,2.32,0.06,2.32,0.26,2.2,1.75,0.13,1.75,1.29,2.2,2.2,0.35,2.2,0.07,2.8,2.03,0.04,2.03,1.83,0.2,0.08,0.07,0.08,0.15,1.5,-0.5,0.06,-0.5,1.38,0.8,0.65,0.08,0.65,0.48
4.4,5.202571428571428,54.38285714285716,-1.287428571428572,-17.579714285714296,30.808571428571426,0.47959999999998915,-3.5779142857142907,29.878171428571434,-16.08911428571428,12.412685714285713,-16.473399999999998,91.11674285714287,-47.145057142857155,102.6294,0.9,0.043428571428570616,0.1582857142857147,0.043428571428570616,0.8957142857142868,1.0085714285714265,0.9259999999999986,0.3765714285714294,0.9259999999999986,0.0782857142857147,1.6,1.222571428571428,0.0917142857142853,1.222571428571428,0.9508571428571426,2.0914285714285734,2.046571428571429,0.1059999999999986,2.046571428571429,0.2782857142857147,0.4,0.41171428571428526,0.059142857142857344,0.41171428571428526,0.08342857142857062,2.5742857142857205,2.5942857142857205,0.31600000000000567,2.5942857142857205,0.2965714285714294,2.2,1.7591428571428573,0.12085714285714265,1.7591428571428573,1.2717142857142854,2.291428571428573,2.2731428571428585,0.404857142857144,2.2731428571428585,0.17057142857143082,2.8,2.139714285714288,0.05828571428571469,2.139714285714288,1.7202857142857118,0.10857142857142656,0.034285714285713274,0.07914285714285735,0.034285714285713274,0.12257142857142796,1.4085714285714264,-0.46342857142857063,0.014285714285713277,-0.46342857142857063,1.325142857142856,0.7085714285714265,0.5859999999999985,0.1348571428571441,0.5859999999999985,0.45257142857142796
4.45,5.1574285714285715,55.652857142857144,-1.3294285714285716,-18.237714285714286,30.66857142857143,-0.28368571428571543,-3.9210000000000007,29.602685714285716,-15.77822857142857,12.2546,-16.3862,91.00397142857143,-47.714085714285716,102.79228571428571,0.9,0.04,0.16,0.04,0.9,1.0,0.92,0.38,0.92,0.08,1.6,1.22,0.09,1.22,0.95,2.1,2.05,0.1,2.05,0.28,0.4,0.41,0.06,0.41,0.08,2.6,2.62,0.34,2.62,0.3,2.2,1.76,0.12,1.76,1.27,2.3,2.28,0.41,2.28,0.18,2.8,2.15,0.06,2.15,1.71,0.1,0.03,0.08,0.03,0.12,1.4,-0.46,0.01,-0.46,1.32,0.7,0.58,0.14,0.58,0.45
4.5,5.108333333333333,56.92,-1.3716666666666666,-18.906666666666666,30.455555555555556,-0.9976111111111123,-4.265222222222223,30.924833333333336,-15.465666666666666,12.082,-16.298222222222222,91.08055555555556,-48.52861111111111,103.23833333333334,0.9,0.04,0.16,0.04,0.9,1.0,0.92,0.38,0.92,0.08,1.6,1.22,0.09,1.22,0.95,2.1,2.05,0.1,2.05,0.28,0.4,0.41,0.06,0.41,0.08,2.6,2.62,0.34,2.62,0.3,2.2,1.76,0.12,1.76,1.27,2.3,2.28,0.41,2.28,0.18,2.8,2.15,0.06,2.15,1.71,0.1,0.03,0.08,0.03,0.12,1.4,-0.46,0.01,-0.46,1.32,0.7,0.58,0.14,0.58,0.45
4.55,5.055714285714285,58.18857142857143,-1.4128571428571428,-19.589999999999996,30.28571428571429,-1.6275714285714271,-4.611571428571428,31.98942857142857,-15.152571428571429,11.883714285714285,-16.21014285714286,91.20557142857143,-49.347857142857144,103.73671428571429,0.9,0.04,0.16,0.04,0.9,1.0,0.92,0.38,0.92,0.08,1.6,1.22,0.09,1.22,0.95,2.1,2.05,0.1,2.05,0.28,0.4,0.41,0.06,0.41,0.08,2.6,2.62,0.34,2.62,0.3,2.2,1.76,0.12,1.76,1.27,2.3,2.28,0.41,2.28,0.18,2.8,2.15,0.06,2.15,1.71,0.1,0.03,0.08,0.03,0.12,1.4,-0.46,0.01,-0.46,1.32,0.7,0.58,0.14,0.58,0.45
4.6000000000000005,4.995714285714285,59.46285714285715,-1.4414285714285715,-20.301428571428577,29.685714285714276,-2.1764285714285747,-4.955000000000003,32.649142857142856,-14.840571428571426,11.652285714285712,-16.122714285714284,91.35528571428571,-50.20100000000001,104.27728571428572,0.9,0.04,0.16,0.04,0.9,1.0,0.92,0.38,0.92,0.08,1.6,1.22,0.09,1.22,0.95,2.1,2.05,0.1,2.05,0.28,0.4,0.41,0.06,0.41,0.08,2.6,2.62,0.34,2.62,0.3,2.2,1.76,0.12,1.76,1.27,2.3,2.28,0.41,2.28,0.18,2.8,2.15,0.06,2.15,1.71,0.1,0.03,0.08,0.03,0.12,1.4,-0.46,0.01,-0.46,1.32,0.7,0.58,0.14,0.58,0.45
4.65,4.857142857142857,60.750857142857164,-1.4617142857142862,-21.09857142857144,27.377142857142847,-2.447828571428571,-5.290457142857144,32.15259999999997,-14.500314285714273,11.285828571428564,-16.04137142857143,91.60362857142857,-51.25357142857143,105.00637142857144,0.9,0.04,0.16,0.04,0.9,1.0,0.92,0.38,0.92,0.08,1.6,1.19,0.08,1.19,0.95,2.1,2.13,0.03,2.13,0.22,0.5,0.46,0.01,0.46,0.17,2.7,2.65,0.34,2.65,0.3,2.2,1.75,0.12,1.75,1.27,2.3,2.29,0.41,2.29,0.34,2.7,2.1,0.1,2.1,1.7,0.1,0.03,0.08,0.03,0.12,1.3,-0.43,0.05,-0.43,1.27,0.7,0.51,0.18,0.51,0.47
4.7,4.795428571428571,62.01742857142858,-1.504571428571429,-21.812857142857148,26.805714285714284,-2.327971428571427,-5.353342857142858,30.486971428571422,-13.712399999999997,10.751914285714282,-16.130514285714288,91.64505714285714,-51.76594285714286,105.29211428571429,0.9,0.04,0.16,0.04,0.9,1.0,0.92,0.38,0.92,0.08,1.6,1.19,0.08,1.19,0.95,2.1,2.13,0.03,2.13,0.22,0.5,0.46,0.01,0.46,0.17,2.7,2.65,0.34,2.65,0.3,2.2,1.75,0.12,1.75,1.27,2.3,2.29,0.41,2.29,0.34,2.7,2.1,0.1,2.1,1.7,0.1,0.03,0.08,0.03,0.12,1.3,-0.43,0.05,-0.43,1.27,0.7,0.51,0.18,0.51,0.47
4.75,4.74235294117647,63.307647058823534,-1.538823529411765,-22.54058823529412,26.2235294117647,-1.9538235294117627,-5.451352941176472,30.23529411764706,-13.719647058823531,10.093823529411763,-16.228117647058824,91.6025294117647,-52.52141176470589,105.62376470588237,0.9,0.04,0.16,0.04,0.9,1.0,0.92,0.38,0.92,0.08,1.6,1.19,0.08,1.19,0.95,2.1,2.13,0.03,2.13,0.22,0.5,0.46,0.01,0.46,0.17,2.7,2.65,0.34,2.65,0.3,2.2,1.75,0.12,1.75,1.27,2.3,2.29,0.41,2.29,0.34,2.7,2.1,0.1,2.1,1.7,0.1,0.03,0.08,0.03,0.12,1.3,-0.43,0.05,-0.43,1.27,0.7,0.51,0.18,0.51,0.47
4.800000000000001,4.69470588235294,64.57647058823531,-1.5814705882352948,-23.275000000000013,25.60882352941175,-1.5143235294117559,-5.990411764705894,28.3860294117647,-14.675058823529419,9.399970588235282,-16.281470588235294,91.58520588235294,-53.02967647058824,105.86385294117648,0.9,0.04,0.16,0.04,0.9,1.0,0.92,0.38,0.92,0.08,1.6,1.19,0.08,1.19,0.95,2.1,2.13,0.03,2.13,0.22,0.5,0.46,0.01,0.46,0.17,2.7,2.65,0.34,2.65,0.3,2.2,1.75,0.12,1.75,1.27,2.3,2.29,0.41,2.29,0.34,2.7,2.1,0.1,2.1,1.7,0.1,0.03,0.08,0.03,0.12,1.3,-0.43,0.05,-0.43,1.27,0.7,0.51,0.18,0.51,0.47
4.8500000000000005,4.636857142857142,65.84914285714288,-1.616571428571429,-24.020857142857153,24.96857142857142,-0.9785142857142781,-6.687971428571438,28.670685714285725,-14.893857142857144,8.83754285714285,-16.1652,91.61437142857143,-53.59394285714286,106.17442857142856,0.9,0.04,0.16,0.04,0.9,1.0,0.92,0.38,0.92,0.08,1.6,1.19,0.08,1.19,0.95,2.1,2.13,0.03,2.13,0.22,0.5,0.46,0.01,0.46,0.17,2.7,2.65,0.34,2.65,0.3,2.2,1.75,0.12,1.75,1.27,2.3,2.29,0.41,2.29,0.34,2.7,2.1,0.1,2.1,1.7,0.1,0.03,0.08,0.03,0.12,1.3,-0.43,0.05,-0.43,1.27,0.7,0.51,0.18,0.51,0.47
4.9,4.591428571428571,67.1214285714286,-1.658571428571429,-24.768571428571438,24.414285714285707,-0.39157142857142063,-7.040000000000001,28.57585714285716,-15.130571428571415,8.502857142857142,-15.94028571428571,91.63185714285714,-54.02171428571429,106.40771428571429,0.9,0.05,0.15,0.05,0.91,1.0,0.93,0.33,0.93,0.14,1.5,1.1,0.04,1.1,0.98,2.2,2.2,0.05,2.2,0.21,0.5,0.46,0.01,0.46,0.17,2.7,2.65,0.34,2.65,0.3,2.2,1.75,0.12,1.75,1.27,2.3,2.29,0.41,2.29,0.34,2.7,2.1,0.1,2.1,1.7,0.1,0.02,0.09,0.02,0.1,1.3,-0.43,0.05,-0.43,1.27,0.7,0.51,0.18,0.51,0.47
4.95,4.547941176470588,68.39705882352942,-1.6947058823529415,-25.52235294117648,24.052941176470586,0.24920588235294766,-6.967941176470586,30.399911764705905,-13.819058823529396,8.422058823529412,-15.633647058823527,91.6629705882353,-54.45688235294118,106.6564117647059,0.9,0.05,0.15,0.05,0.91,1.0,0.93,0.33,0.93,0.14,1.5,1.1,0.04,1.1,0.98,2.2,2.2,0.05,2.2,0.21,0.5,0.46,0.01,0.46,0.17,2.7,2.65,0.34,2.65,0.3,2.2,1.75,0.12,1.75,1.27,2.3,2.29,0.41,2.29,0.34,2.7,2.1,0.1,2.1,1.7,0.1,0.02,0.09,0.02,0.1,1.3,-0.43,0.05,-0.43,1.27,0.7,0.51,0.18,0.51,0.47
5.0,4.51470588235294,69.65352941176471,-1.733529411764706,-26.271764705882358,24.03529411764706,0.8110588235294135,-6.521529411764703,32.82911764705883,-13.069529411764702,8.604470588235296,-15.430823529411764,91.6525294117647,-54.99629411764706,106.92229411764706,0.9,0.05,0.15,0.05,0.91,1.0,0.93,0.33,0.93,0.14,1.5,1.1,0.04,1.1,0.98,2.2,2.2,0.05,2.2,0.21,0.5,0.46,0.01,0.46,0.17,2.7,2.65,0.34,2.65,0.3,2.2,1.75,0.12,1.75,1.27,2.3,2.29,0.41,2.29,0.34,2.7,2.1,0.1,2.1,1.7,0.1,0.02,0.09,0.02,0.1,1.3,-0.43,0.05,-0.43,1.27,0.7,0.51,0.18,0.51,0.47
5.050000000000001,4.477058823529411,70.9329411764706,-1.769411764705883,-27.0429411764706,24.39411764705883,1.0782352941176496,-6.09582352941176,34.71817647058826,-12.380235294117638,9.011705882352947,-15.38864705882353,91.67482352941177,-55.540823529411774,107.22135294117648,0.9,0.05,0.15,0.05,0.91,1.0,0.93,0.33,0.93,0.14,1.5,1.1,0.04,1.1,0.98,2.2,2.2,0.05,2.2,0.21,0.5,0.46,0.01,0.46,0.17,2.7,2.65,0.34,2.65,0.3,2.2,1.75,0.12,1.75,1.27,2.3,2.29,0.41,2.29,0.34,2.7,2.1,0.1,2.1,1.7,0.1,0.02,0.09,0.02,0.1,1.3,-0.43,0.05,-0.43,1.27,0.7,0.51,0.18,0.51,0.47
5.1000000000000005,4.445294117647059,72.21117647058824,-1.802352941176471,-27.81470588235295,24.711764705882352,1.1028235294117612,-6.008411764705882,37.33617647058825,-12.05341176470588,9.382000000000003,-15.460411764705883,91.62711764705882,-55.962352941176476,107.39435294117648,0.9,0.05470588235294173,0.14882352941176458,0.05470588235294173,0.91,1.0,0.9323529411764709,0.3229411764705874,0.9323529411764709,0.1505882352941189,1.5,1.094117647058823,0.036470588235293706,1.094117647058823,0.9835294117647063,2.2117647058823544,2.2070588235294126,0.05823529411764803,2.2070588235294126,0.21470588235294172,0.48823529411764566,0.45411764705882285,0.013529411764706296,0.45411764705882285,0.16294117647058742,2.688235294117646,2.6441176470588226,0.3329411764705874,2.6441176470588226,0.29529411764705826,2.188235294117646,1.747647058823529,0.12705882352941258,1.747647058823529,1.2582352941176458,2.2882352941176456,2.2723529411764685,0.39117647058823307,2.2723529411764685,0.36235294117647326,2.6764705882352917,2.079999999999998,0.1211764705882378,2.079999999999998,1.689411764705881,0.1,0.016470588235293702,0.09117647058823543,0.016470588235293702,0.09764705882352914,1.3,-0.4276470588235291,0.05470588235294173,-0.4276470588235291,1.2652941176470582,0.7117647058823543,0.5123529411764709,0.16823529411764568,0.5123529411764709,0.48411764705882515
5.15,4.398235294117646,73.47588235294118,-1.8317647058823534,-28.61176470588236,24.9764705882353,0.7110588235294069,-6.015176470588235,38.570000000000014,-11.829294117647056,9.679058823529415,-15.497176470588235,91.50888235294117,-56.52205882352942,107.57935294117648,0.9,0.09,0.14,0.09,0.91,1.0,0.95,0.27,0.95,0.23,1.5,1.05,0.01,1.05,1.01,2.3,2.26,0.12,2.26,0.25,0.4,0.41,0.04,0.41,0.11,2.6,2.6,0.28,2.6,0.26,2.1,1.73,0.18,1.73,1.17,2.2,2.14,0.25,2.14,0.53,2.5,1.93,0.28,1.93,1.61,0.1,-0.01,0.1,-0.01,0.08,1.3,-0.41,0.09,-0.41,1.23,0.8,0.53,0.08,0.53,0.59
5.2,4.399090909090909,74.7360606060606,-1.8803030303030304,-29.366363636363644,25.49090909090909,0.27903030303029913,-6.0847575757575765,39.59621212121212,-11.647484848484847,9.962,-15.289454545454543,91.65963636363637,-57.73351515151515,108.34533333333334,0.9,0.09,0.14,0.09,0.91,1.0,0.95,0.27,0.95,0.23,1.5,1.05,0.01,1.05,1.01,2.3,2.26,0.12,2.26,0.25,0.4,0.41,0.04,0.41,0.11,2.6,2.6,0.28,2.6,0.26,2.1,1.73,0.18,1.73,1.17,2.2,2.14,0.25,2.14,0.53,2.5,1.93,0.28,1.93,1.61,0.1,-0.01,0.1,-0.01,0.08,1.3,-0.41,0.09,-0.41,1.23,0.8,0.53,0.08,0.53,0.59
5.25,4.354117647058824,76.02,-1.9005882352941175,-30.181176470588234,25.041176470588233,-0.31629411764705756,-6.171705882352941,38.61329411764706,-11.473588235294118,9.903529411764707,-15.015117647058824,91.73635294117646,-58.07617647058824,108.59064705882354,0.9,0.09,0.14,0.09,0.91,1.0,0.95,0.27,0.95,0.23,1.5,1.05,0.01,1.05,1.01,2.3,2.26,0.12,2.26,0.25,0.4,0.41,0.04,0.41,0.11,2.6,2.6,0.28,2.6,0.26,2.1,1.73,0.18,1.73,1.17,2.2,2.14,0.25,2.14,0.53,2.5,1.93,0.28,1.93,1.61,0.1,-0.01,0.1,-0.01,0.08,1.3,-0.41,0.09,-0.41,1.23,0.8,0.53,0.08,0.53,0.59
5.300000000000001,4.319705882352942,77.29529411764706,-1.9205882352941177,-31.00617647058824,24.49411764705882,-0.9160000000000035,-6.233617647058815,37.506852941176454,-11.292147058823526,9.824176470588235,-14.739470588235292,91.80605882352941,-58.36694117647059,108.80364705882354,0.9,0.09,0.14,0.09,0.91,1.0,0.95,0.27,0.95,0.23,1.5,1.05,0.01,1.05,1.01,2.3,2.26,0.12,2.26,0.25,0.4,0.41,0.04,0.41,0.11,2.6,2.6,0.28,2.6,0.26,2.1,1.73,0.18,1.73,1.17,2.2,2.14,0.25,2.14,0.53,2.5,1.93,0.28,1.93,1.61,0.1,-0.01,0.1,-0.01,0.08,1.3,-0.41,0.09,-0.41,1.23,0.8,0.53,0.08,0.53,0.59
5.3500000000000005,4.304848484848485,78.57303030303031,-1.9503030303030306,-31.818181818181827,24.196969696969695,-1.337696969696973,-5.027727272727256,35.31636363636361,-10.68618181818181,9.572787878787876,-14.409121212121208,91.81472727272727,-58.6480303030303,108.96215151515152,0.9,0.09,0.14,0.09,0.91,1.0,0.95,0.27,0.95,0.23,1.5,1.05,0.01,1.05,1.01,2.3,2.26,0.12,2.26,0.25,0.4,0.41,0.04,0.41,0.11,2.6,2.6,0.28,2.6,0.26,2.1,1.73,0.18,1.73,1.17,2.2,2.14,0.25,2.14,0.53,2.5,1.93,0.28,1.93,1.61,0.1,-0.01,0.1,-0.01,0.08,1.3,-0.41,0.09,-0.41,1.23,0.8,0.53,0.08,0.53,0.59
5.4,4.309705882352941,79.875,-1.980294117647059,-32.6364705882353,23.588235294117645,-1.414735294117647,-3.754470588235285,33.755970588235286,-10.069588235294118,9.29241176470588,-14.076411764705881,91.63858823529412,-58.64135294117647,108.80629411764706,0.9,0.18,0.12,0.18,0.9,1.1,0.99,0.12,0.99,0.39,1.4,0.98,0.06,0.98,1.01,2.4,2.33,0.19,2.33,0.27,0.4,0.14,0.06,0.14,0.36,2.5,2.48,0.14,2.48,0.12,2.1,1.7,0.2,1.7,1.17,2.1,2.03,0.13,2.03,0.55,2.4,1.81,0.33,1.81,1.57,0.1,-0.04,0.09,-0.04,0.06,1.3,-0.39,0.13,-0.39,1.19,0.9,0.56,0.03,0.56,0.65
5.45,4.3,81.12500000000001,-1.995,-33.455000000000005,23.049999999999994,-1.3279999999999978,-2.4444999999999895,32.53849999999999,-10.416500000000008,9.006499999999997,-13.958,91.7215,-59.02100000000001,109.0795,0.9,0.18,0.12,0.18,0.9,1.1,0.99,0.12,0.99,0.39,1.4,0.98,0.06,0.98,1.01,2.4,2.33,0.19,2.33,0.27,0.4,0.14,0.06,0.14,0.36,2.5,2.48,0.14,2.48,0.12,2.1,1.7,0.2,1.7,1.17,2.1,2.03,0.13,2.03,0.55,2.4,1.81,0.33,1.81,1.57,0.1,-0.04,0.09,-0.04,0.06,1.3,-0.39,0.13,-0.39,1.19,0.9,0.56,0.03,0.56,0.65
5.5,4.3,82.4,-2.02,-34.28,22.8,-0.928,-1.399,31.867,-12.095,8.688,-14.088,91.806,-59.442,109.376,0.9,0.18,0.12,0.18,0.9,1.1,0.99,0.12,0.99,0.39,1.4,0.98,0.06,0.98,1.01,2.4,2.33,0.19,2.33,0.27,0.4,0.14,0.06,0.14,0.36,2.5,2.48,0.14,2.48,0.12,2.1,1.7,0.2,1.7,1.17,2.1,2.03,0.13,2.03,0.55,2.4,1.81,0.33,1.81,1.57,0.1,-0.04,0.09,-0.04,0.06,1.3,-0.39,0.13,-0.39,1.19,0.9,0.56,0.03,0.56,0.65
5.550000000000001,4.3096969696969705,83.66212121212124,-2.04,-35.10666666666668,22.54848484848485,-0.49436363636363,-1.0435757575757523,29.754363636363614,-13.924787878787907,8.334242424242419,-14.40424242424243,91.89381818181819,-59.988121212121214,109.74763636363636,0.9,0.18,0.12,0.18,0.9,1.1,0.99,0.12,0.99,0.39,1.4,0.98,0.06,0.98,1.01,2.4,2.33,0.19,2.33,0.27,0.4,0.14,0.06,0.14,0.36,2.5,2.48,0.14,2.48,0.12,2.1,1.7,0.2,1.7,1.17,2.1,2.03,0.13,2.03,0.55,2.4,1.81,0.33,1.81,1.57,0.1,-0.04,0.09,-0.04,0.06,1.3,-0.39,0.13,-0.39,1.19,0.9,0.56,0.03,0.56,0.65
5.6000000000000005,4.349117647058824,84.93470588235294,-2.0302941176470584,-35.91411764705883,23.085294117647067,-0.07229411764705429,-0.6919705882352903,28.7175588235294,-15.768411764705903,7.953676470588231,-14.725617647058826,91.5335588235294,-59.57929411764705,109.21838235294118,0.9,0.18,0.12,0.18,0.9,1.1,0.99,0.12,0.99,0.39,1.4,0.98,0.06,0.98,1.01,2.4,2.33,0.19,2.33,0.27,0.4,0.14,0.06,0.14,0.36,2.5,2.48,0.14,2.48,0.12,2.1,1.7,0.2,1.7,1.17,2.1,2.03,0.13,2.03,0.55,2.4,1.81,0.33,1.81,1.57,0.1,-0.04,0.09,-0.04,0.06,1.3,-0.39,0.13,-0.39,1.19,0.9,0.56,0.03,0.56,0.65
5.65,4.36969696969697,86.21727272727274,-2.0548484848484847,-36.761515151515155,22.75151515151515,0.31384848484848654,-0.7654848484848492,28.016272727272725,-19.411333333333353,7.5712121212121195,-15.08187878787879,91.69621212121211,-60.07172727272727,109.62503030303031,0.9,0.18,0.12,0.18,0.9,1.1,0.99,0.12,0.99,0.39,1.4,0.93,0.1,0.93,1.01,2.4,2.35,0.21,2.35,0.29,0.4,0.14,0.06,0.14,0.36,2.5,2.48,0.14,2.48,0.12,2.1,1.7,0.2,1.7,1.16,2.0,1.9,0.02,1.9,0.49,2.4,1.81,0.33,1.81,1.57,0.1,-0.04,0.09,-0.04,0.06,1.3,-0.39,0.13,-0.39,1.19,0.9,0.57,0.01,0.57,0.7
5.7,4.41,87.5,-2.07,-37.61,22.7,0.554,-0.989,27.469,-22.741,7.212,-15.447,91.77,-60.604,109.979,0.9,0.18,0.12,0.18,0.9,1.1,0.99,0.12,0.99,0.39,1.4,0.93,0.1,0.93,1.01,2.4,2.35,0.21,2.35,0.29,0.4,0.14,0.06,0.14,0.36,2.5,2.48,0.14,2.48,0.12,2.1,1.7,0.2,1.7,1.16,2.0,1.9,0.02,1.9,0.49,2.4,1.81,0.33,1.81,1.57,0.1,-0.04,0.09,-0.04,0.06,1.3,-0.39,0.13,-0.39,1.19,0.9,0.57,0.01,0.57,0.7
5.75,4.45030303030303,88.78272727272727,-2.085151515151515,-38.45848484848485,22.396969696969695,0.6052727272727275,-1.372909090909092,26.311878787878786,-21.781090909090906,6.718090909090908,-15.695121212121213,91.75057575757576,-60.8059696969697,110.07448484848484,0.9,0.18,0.12,0.18,0.9,1.1,0.99,0.12,0.99,0.39,1.4,0.93,0.1,0.93,1.01,2.4,2.35,0.21,2.35,0.29,0.4,0.14,0.06,0.14,0.36,2.5,2.48,0.14,2.48,0.12,2.1,1.7,0.2,1.7,1.16,2.0,1.9,0.02,1.9,0.49,2.4,1.81,0.33,1.81,1.57,0.1,-0.04,0.09,-0.04,0.06,1.3,-0.39,0.13,-0.39,1.19,0.9,0.57,0.01,0.57,0.7
5.800000000000001,4.500000000000001,90.04000000000003,-2.0900000000000003,-39.29000000000001,22.099999999999994,0.7129999999999967,-1.6540000000000028,26.35999999999995,-21.39700000000002,6.136999999999992,-15.970000000000004,91.683,-61.105,110.182,0.9,0.18,0.12,0.18,0.9,1.1,0.99,0.12,0.99,0.39,1.4,0.93,0.1,0.93,1.01,2.4,2.35,0.21,2.35,0.29,0.4,0.14,0.06,0.14,0.36,2.5,2.48,0.14,2.48,0.12,2.1,1.7,0.2,1.7,1.16,2.0,1.9,0.02,1.9,0.49,2.4,1.81,0.33,1.81,1.57,0.1,-0.04,0.09,-0.04,0.06,1.3,-0.39,0.13,-0.39,1.19,0.9,0.57,0.01,0.57,0.7
5.8500000000000005,4.5359375,91.3209375,-2.1053125,-40.14750000000001,21.846874999999997,0.49896874999999813,-1.8254687500000013,24.02506249999999,-22.332343750000003,5.746437499999998,-16.145906250000003,91.650875,-61.2404375,110.23025,0.9,0.18,0.12,0.18,0.9,1.1,0.99,0.12,0.99,0.39,1.4,0.93,0.1,0.93,1.01,2.4,2.35,0.21,2.35,0.29,0.4,0.14,0.06,0.14,0.36,2.5,2.48,0.14,2.48,0.12,2.1,1.7,0.2,1.7,1.16,2.0,1.9,0.02,1.9,0.49,2.4,1.81,0.33,1.81,1.57,0.1,-0.04,0.09,-0.04,0.06,1.3,-0.39,0.13,-0.39,1.19,0.9,0.57,0.01,0.57,0.7
5.9,4.581212121212122,92.59969696969698,-2.110606060606061,-41.003939393939405,21.818181818181824,0.15460606060605303,-2.0628181818181877,23.56842424242423,-21.817151515151505,5.754272727272734,-16.069818181818178,91.67972727272728,-61.348939393939396,110.31515151515151,0.9,0.21,0.08,0.21,0.86,1.2,1.02,0.06,1.02,0.45,1.3,0.89,0.18,0.89,0.95,2.4,2.34,0.2,2.34,0.29,0.5,0.28,0.01,0.28,0.29,2.5,2.48,0.13,2.48,0.07,2.0,1.66,0.22,1.66,1.16,1.9,1.8,0.12,1.8,0.47,2.4,1.8,0.32,1.8,1.57,0.1,-0.04,0.1,-0.04,0.04,1.2,-0.38,0.15,-0.38,1.17,0.9,0.56,0.01,0.56,0.69
5.95,4.6178125,93.86875,-2.1259375,-41.862500000000004,22.159375,-0.43837500000000135,-2.520687500000001,22.853125,-21.094499999999996,6.241218750000002,-15.807500000000001,91.76225000000001,-61.65725,110.55709375,0.9,0.21,0.08,0.21,0.86,1.2,1.02,0.06,1.02,0.45,1.3,0.89,0.18,0.89,0.95,2.4,2.34,0.2,2.34,0.29,0.5,0.28,0.01,0.28,0.29,2.5,2.48,0.13,2.48,0.07,2.0,1.66,0.22,1.66,1.16,1.9,1.8,0.12,1.8,0.47,2.4,1.8,0.32,1.8,1.57,0.1,-0.04,0.1,-0.04,0.04,1.2,-0.38,0.15,-0.38,1.17,0.9,0.56,0.01,0.56,0.69
6.0,4.663636363636363,95.14060606060606,-2.131212121212121,-42.71787878787878,21.836363636363632,-1.0067272727272685,-2.969848484848483,23.100151515151513,-20.455181818181817,6.678696969696966,-15.534969696969698,92.09178787878788,-62.360727272727274,111.22148484848485,0.9,0.21,0.08,0.21,0.86,1.2,1.02,0.06,1.02,0.45,1.3,0.89,0.18,0.89,0.95,2.4,2.34,0.2,2.34,0.29,0.5,0.28,0.01,0.28,0.29,2.5,2.48,0.13,2.48,0.07,2.0,1.66,0.22,1.66,1.16,1.9,1.8,0.12,1.8,0.47,2.4,1.8,0.32,1.8,1.57,0.1,-0.04,0.1,-0.04,0.04,1.2,-0.38,0.15,-0.38,1.17,0.9,0.56,0.01,0.56,0.69
6.050000000000001,4.703125000000001,96.41468750000003,-2.1465625000000004,-43.577500000000015,22.165625000000002,-1.5600312500000084,-3.1885937500000026,23.704250000000012,-20.661562500000006,7.0824687500000065,-15.180843749999994,91.940875,-62.13909375,110.972375,0.9,0.21,0.08,0.21,0.86,1.2,1.02,0.06,1.02,0.45,1.3,0.89,0.18,0.89,0.95,2.4,2.34,0.2,2.34,0.29,0.5,0.28,0.01,0.28,0.29,2.5,2.48,0.13,2.48,0.07,2.0,1.66,0.22,1.66,1.16,1.9,1.8,0.12,1.8,0.47,2.4,1.8,0.32,1.8,1.57,0.1,-0.04,0.1,-0.04,0.04,1.2,-0.38,0.15,-0.38,1.17,0.9,0.56,0.01,0.56,0.69
6.1000000000000005,4.745625,97.685625,-2.151875,-44.435,22.0625,-2.0160000000000013,-3.1841249999999985,24.813750000000002,-20.9785,7.348562500000001,-14.775812499999999,92.051875,-62.1195,111.05293750000001,0.9,0.21,0.07249999999999973,0.21,0.8543749999999998,1.2,1.0162499999999999,0.06,1.0162499999999999,0.46125000000000044,1.2812499999999993,0.8862499999999999,0.1987500000000007,0.8862499999999999,0.923749999999999,2.381249999999999,2.3362499999999997,0.1943749999999998,2.3362499999999997,0.2806249999999996,0.5187500000000007,0.2818750000000001,0.03625000000000097,0.2818750000000001,0.3218750000000012,2.5,2.481875,0.12812499999999993,2.481875,0.06249999999999973,2.0,1.661875,0.21624999999999986,1.661875,1.161875,1.8812499999999992,1.7924999999999998,0.12937500000000035,1.7924999999999998,0.47,2.4,1.798125,0.32,1.798125,1.5643749999999998,0.08124999999999931,-0.04,0.1,-0.04,0.036249999999999866,1.2,-0.37624999999999986,0.15375000000000014,-0.37624999999999986,1.1662499999999998,0.9,0.5637500000000002,0.015625000000000208,0.5637500000000002,0.6806249999999996
6.15,4.791818181818182,98.9709090909091,-2.1672727272727275,-45.30454545454546,21.68181818181818,-2.2230000000000008,-2.787363636363633,25.709545454545463,-21.06772727272727,7.443636363636364,-14.285909090909087,92.07227272727273,-62.22172727272727,111.12727272727273,0.9,0.21,0.04,0.21,0.83,1.2,1.0,0.06,1.0,0.51,1.2,0.87,0.28,0.87,0.81,2.3,2.32,0.17,2.32,0.24,0.6,0.29,0.15,0.29,0.46,2.5,2.49,0.12,2.49,0.03,2.0,1.67,0.2,1.67,1.17,1.8,1.76,0.17,1.76,0.47,2.4,1.79,0.32,1.79,1.54,0.0,-0.04,0.1,-0.04,0.02,1.2,-0.36,0.17,-0.36,1.15,0.9,0.58,0.04,0.58,0.64
6.2,4.838181818181819,100.25636363636364,-2.17,-46.17272727272728,21.318181818181817,-2.128181818181817,-2.2167272727272693,27.662545454545455,-21.60154545454546,7.415454545454545,-13.90481818181818,92.10145454545454,-62.40918181818182,111.25536363636364,0.9,0.21,0.04,0.21,0.83,1.2,1.0,0.06,1.0,0.51,1.2,0.87,0.28,0.87,0.81,2.3,2.32,0.17,2.32,0.24,0.6,0.29,0.15,0.29,0.46,2.5,2.49,0.12,2.49,0.03,2.0,1.67,0.2,1.67,1.17,1.8,1.76,0.17,1.76,0.47,2.4,1.79,0.32,1.79,1.54,0.0,-0.04,0.1,-0.04,0.02,1.2,-0.36,0.17,-0.36,1.15,0.9,0.58,0.04,0.58,0.64
6.25,4.87625,101.52625,-2.178125,-47.043124999999996,21.01875,-1.8708750000000014,-1.5191250000000032,27.829375000000002,-22.355437499999997,7.3729375,-13.641125,92.1669375,-62.681374999999996,111.462375,0.9,0.21,0.04,0.21,0.83,1.2,1.0,0.06,1.0,0.51,1.2,0.87,0.28,0.87,0.81,2.3,2.32,0.17,2.32,0.24,0.6,0.29,0.15,0.29,0.46,2.5,2.49,0.12,2.49,0.03,2.0,1.67,0.2,1.67,1.17,1.8,1.76,0.17,1.76,0.47,2.4,1.79,0.32,1.79,1.54,0.0,-0.04,0.1,-0.04,0.02,1.2,-0.36,0.17,-0.36,1.15,0.9,0.58,0.04,0.58,0.64
6.300000000000001,4.920312500000001,102.79531250000004,-2.18,-47.90593750000002,21.0,-1.5842812499999999,-1.1104374999999944,28.755093750000004,-22.629218750000007,7.454968750000002,-13.585249999999998,92.15353125,-63.014781250000006,111.63928125,0.9,0.21,0.04,0.21,0.83,1.2,1.0,0.06,1.0,0.51,1.2,0.87,0.28,0.87,0.81,2.3,2.32,0.17,2.32,0.24,0.6,0.29,0.15,0.29,0.46,2.5,2.49,0.12,2.49,0.03,2.0,1.67,0.2,1.67,1.17,1.8,1.76,0.17,1.76,0.47,2.4,1.79,0.32,1.79,1.54,0.0,-0.04,0.1,-0.04,0.02,1.2,-0.36,0.17,-0.36,1.15,0.9,0.58,0.04,0.58,0.64
6.3500000000000005,4.9671875000000005,104.09218750000002,-2.1890625000000004,-48.787500000000016,21.0,-1.7142187500000035,-0.879531249999997,28.394281249999988,-22.952812500000007,7.548468750000001,-13.58271875,92.06871875,-63.246625,111.69975,0.9,0.21,0.04,0.21,0.83,1.2,1.0,0.06,1.0,0.51,1.2,0.87,0.28,0.87,0.81,2.3,2.32,0.17,2.32,0.24,0.6,0.29,0.15,0.29,0.46,2.5,2.49,0.12,2.49,0.03,2.0,1.67,0.2,1.67,1.17,1.8,1.76,0.17,1.76,0.47,2.4,1.79,0.32,1.79,1.54,0.0,-0.04,0.1,-0.04,0.02,1.2,-0.36,0.17,-0.36,1.15,0.9,0.58,0.04,0.58,0.64
6.4,5.013636363636365,105.37272727272727,-2.19,-49.66909090909091,21.0,-1.9408181818181836,-0.8869090909090911,27.695999999999994,-23.440909090909095,7.639818181818183,-13.574272727272728,92.13136363636363,-63.499,111.895,0.8,0.21,0.01,0.21,0.81,1.2,0.97,0.05,0.97,0.61,1.1,0.83,0.38,0.83,0.68,2.3,2.3,0.15,2.3,0.27,0.8,0.5,0.24,0.5,0.47,2.5,2.47,0.1,2.47,0.01,2.0,1.66,0.21,1.66,1.15,1.9,1.79,0.14,1.79,0.48,2.3,1.74,0.33,1.74,1.48,0.1,-0.03,0.07,-0.03,0.04,1.2,-0.31,0.15,-0.31,1.17,0.8,0.61,0.07,0.61,0.56
6.45,5.05,106.65,-2.19,-50.55,21.0,-2.167,-0.907,26.999,-23.937,7.731,-13.565,92.204,-63.754,112.1,0.8,0.21,0.01,0.21,0.81,1.2,0.97,0.05,0.97,0.61,1.1,0.83,0.38,0.83,0.68,2.3,2.3,0.15,2.3,0.27,0.8,0.5,0.24,0.5,0.47,2.5,2.47,0.1,2.47,0.01,2.0,1.66,0.21,1.66,1.15,1.9,1.79,0.14,1.79,0.48,2.3,1.74,0.33,1.74,1.48,0.1,-0.03,0.07,-0.03,0.04,1.2,-0.31,0.15,-0.31,1.17,0.8,0.61,0.07,0.61,0.56
6.5,5.086875,107.93687499999999,-2.195625,-51.450625,21.15625,-2.396124999999999,-1.2098124999999986,26.295875000000002,-24.071,7.822187499999999,-13.295000000000002,92.3326875,-64.03425,112.364625,0.8,0.21,0.01,0.21,0.81,1.2,0.97,0.05,0.97,0.61,1.1,0.83,0.38,0.83,0.68,2.3,2.3,0.15,2.3,0.27,0.8,0.5,0.24,0.5,0.47,2.5,2.47,0.1,2.47,0.01,2.0,1.66,0.21,1.66,1.15,1.9,1.79,0.14,1.79,0.48,2.3,1.74,0.33,1.74,1.48,0.1,-0.03,0.07,-0.03,0.04,1.2,-0.31,0.15,-0.31,1.17,0.8,0.61,0.07,0.61,0.56
6.550000000000001,5.122424242424243,109.21939393939395,-2.2012121212121216,-52.34909090909092,21.412121212121214,-2.623696969696972,-1.5170000000000032,25.59445454545454,-24.196818181818184,7.914030303030304,-13.020545454545452,92.46218181818182,-64.31381818181819,112.63072727272727,0.8,0.21,0.01,0.21,0.81,1.2,0.97,0.05,0.97,0.61,1.1,0.83,0.38,0.83,0.68,2.3,2.3,0.15,2.3,0.27,0.8,0.5,0.24,0.5,0.47,2.5,2.47,0.1,2.47,0.01,2.0,1.66,0.21,1.66,1.15,1.9,1.79,0.14,1.79,0.48,2.3,1.74,0.33,1.74,1.48,0.1,-0.03,0.07,-0.03,0.04,1.2,-0.31,0.15,-0.31,1.17,0.8,0.61,0.07,0.61,0.56
6.6000000000000005,5.1596875,110.47812500000002,-2.21,-53.22406250000002,21.368749999999995,-2.8793125000000046,-1.8202812500000047,24.92599999999999,-24.32115625,7.9741875,-12.749499999999996,92.557,-64.58618750000001,112.8636875,0.8,0.21,0.01,0.21,0.81,1.2,0.97,0.05,0.97,0.61,1.1,0.83,0.38,0.83,0.68,2.3,2.3,0.15,2.3,0.27,0.8,0.5,0.24,0.5,0.47,2.5,2.47,0.1,2.47,0.01,2.0,1.66,0.21,1.66,1.15,1.9,1.79,0.14,1.79,0.48,2.3,1.74,0.33,1.74,1.48,0.1,-0.03,0.07,-0.03,0.04,1.2,-0.31,0.15,-0.31,1.17,0.8,0.61,0.07,0.61,0.56
6.65,5.2065625,111.76937500000001,-2.21,-54.116875000000014,20.456249999999997,-3.3331250000000066,-2.1658125000000066,24.32243749999999,-24.475375000000003,7.866468749999998,-12.52484375,92.4895,-64.83465625,112.95046875,0.8,0.21,0.01,0.21,0.81,1.2,0.97,0.05,0.97,0.61,1.0,0.78,0.45,0.78,0.56,2.3,2.27,0.13,2.27,0.33,0.8,0.5,0.24,0.5,0.47,2.5,2.47,0.1,2.47,0.01,2.0,1.62,0.2,1.62,1.2,1.9,1.82,0.11,1.82,0.53,2.3,1.74,0.33,1.74,1.48,0.1,-0.03,0.07,-0.03,0.04,1.2,-0.31,0.15,-0.31,1.17,0.7,0.58,0.15,0.58,0.45
6.7,5.245625,113.05062500000001,-2.2178125000000004,-55.02312500000001,20.3,-3.9557812500000042,-2.808781250000005,23.465406249999994,-24.719125000000002,7.697718749999999,-12.662343750000002,92.5395,-65.037,113.10828124999999,0.8,0.21,0.01,0.21,0.81,1.2,0.97,0.05,0.97,0.61,1.0,0.78,0.45,0.78,0.56,2.3,2.27,0.13,2.27,0.33,0.8,0.5,0.24,0.5,0.47,2.5,2.47,0.1,2.47,0.01,2.0,1.62,0.2,1.62,1.2,1.9,1.82,0.11,1.82,0.53,2.3,1.74,0.33,1.74,1.48,0.1,-0.03,0.07,-0.03,0.04,1.2,-0.31,0.15,-0.31,1.17,0.7,0.58,0.15,0.58,0.45
6.75,5.286875,114.33843750000001,-2.22,-55.919375,20.3,-4.665406250000001,-3.5492812500000013,22.939875,-24.0341875,7.472874999999999,-12.88896875,92.58140625,-65.2591875,113.27021875,0.8,0.21,0.01,0.21,0.81,1.2,0.97,0.05,0.97,0.61,1.0,0.78,0.45,0.78,0.56,2.3,2.27,0.13,2.27,0.33,0.8,0.5,0.24,0.5,0.47,2.5,2.47,0.1,2.47,0.01,2.0,1.62,0.2,1.62,1.2,1.9,1.82,0.11,1.82,0.53,2.3,1.74,0.33,1.74,1.48,0.1,-0.03,0.07,-0.03,0.04,1.2,-0.31,0.15,-0.31,1.17,0.7,0.58,0.15,0.58,0.45
6.800000000000001,5.327187500000001,115.61312500000003,-2.22,-56.82562500000002,20.118749999999995,-5.29553125000001,-4.129843750000008,22.32490624999999,-24.047781250000003,7.190531249999996,-12.986250000000002,92.58328125,-65.3401875,113.31859374999999,0.8,0.21,0.01,0.21,0.81,1.2,0.97,0.05,0.97,0.61,1.0,0.78,0.45,0.78,0.56,2.3,2.27,0.13,2.27,0.33,0.8,0.5,0.24,0.5,0.47,2.5,2.47,0.1,2.47,0.01,2.0,1.62,0.2,1.62,1.2,1.9,1.82,0.11,1.82,0.53,2.3,1.74,0.33,1.74,1.48,0.1,-0.03,0.07,-0.03,0.04,1.2,-0.31,0.15,-0.31,1.17,0.7,0.58,0.15,0.58,0.45
6.8500000000000005,5.36,116.92000000000003,-2.22,-57.76000000000001,19.9,-5.8530000000000095,-4.334500000000002,21.68249999999999,-24.748000000000015,7.079,-12.8775,92.6525,-65.4465,113.436,0.8,0.21,0.01,0.21,0.81,1.2,0.97,0.05,0.97,0.61,1.0,0.78,0.45,0.78,0.56,2.3,2.27,0.13,2.27,0.33,0.8,0.5,0.24,0.5,0.47,2.5,2.47,0.1,2.47,0.01,2.0,1.62,0.2,1.62,1.2,1.9,1.82,0.11,1.82,0.53,2.3,1.74,0.33,1.74,1.48,0.1,-0.03,0.07,-0.03,0.04,1.2,-0.31,0.15,-0.31,1.17,0.7,0.58,0.15,0.58,0.45
6.9,5.402500000000002,118.20187500000003,-2.2206250000000005,-58.66562500000001,19.99375,-6.319875000000005,-4.429000000000001,20.9498125,-25.954500000000017,7.205500000000008,-12.814,92.764875,-65.52781250000001,113.57575,0.9,0.2,0.06,0.2,0.88,1.2,0.94,0.01,0.94,0.7,1.0,0.78,0.45,0.78,0.48,2.3,2.25,0.12,2.25,0.39,0.8,0.54,0.23,0.54,0.52,2.4,2.38,0.0,2.38,0.0,2.1,1.65,0.13,1.65,1.25,1.9,1.78,0.15,1.78,0.55,2.3,1.87,0.24,1.87,1.39,0.1,-0.07,0.02,-0.07,0.08,1.2,-0.24,0.11,-0.24,1.2,0.6,0.53,0.24,0.53,0.32
6.95,5.45875,119.4925,-2.23,-59.56250000000001,20.025000000000002,-6.6605000000000025,-4.540250000000001,21.110125,-27.20762500000001,7.783000000000005,-12.784,92.882375,-65.80375000000001,113.830125,0.9,0.2,0.06,0.2,0.88,1.2,0.94,0.01,0.94,0.7,1.0,0.78,0.45,0.78,0.48,2.3,2.25,0.12,2.25,0.39,0.8,0.54,0.23,0.54,0.52,2.4,2.38,0.0,2.38,0.0,2.1,1.65,0.13,1.65,1.25,1.9,1.78,0.15,1.78,0.55,2.3,1.87,0.24,1.87,1.39,0.1,-0.07,0.02,-0.07,0.08,1.2,-0.24,0.11,-0.24,1.2,0.6,0.53,0.24,0.53,0.32
7.0,5.4809375,120.78156249999999,-2.24,-60.49468749999999,20.943749999999998,-7.004437499999998,-4.845562499999997,21.395062499999995,-28.037593749999996,8.412187499999995,-12.8595625,93.0923125,-66.2109375,114.2381875,0.9,0.2,0.06,0.2,0.88,1.2,0.94,0.01,0.94,0.7,1.0,0.78,0.45,0.78,0.48,2.3,2.25,0.12,2.25,0.39,0.8,0.54,0.23,0.54,0.52,2.4,2.38,0.0,2.38,0.0,2.1,1.65,0.13,1.65,1.25,1.9,1.78,0.15,1.78,0.55,2.3,1.87,0.24,1.87,1.39,0.1,-0.07,0.02,-0.07,0.08,1.2,-0.24,0.11,-0.24,1.2,0.6,0.53,0.24,0.53,0.32
7.050000000000001,5.5668750000000005,122.07843750000002,-2.24,-61.385312500000005,21.334375,-7.420062500000003,-5.222906250000003,22.145843750000004,-28.864156250000004,9.206718750000006,-12.961125000000001,93.13215625000001,-66.5484375,114.46553125,0.9,0.2,0.06,0.2,0.88,1.2,0.94,0.01,0.94,0.7,1.0,0.78,0.45,0.78,0.48,2.3,2.25,0.12,2.25,0.39,0.8,0.54,0.23,0.54,0.52,2.4,2.38,0.0,2.38,0.0,2.1,1.65,0.13,1.65,1.25,1.9,1.78,0.15,1.78,0.55,2.3,1.87,0.24,1.87,1.39,0.1,-0.07,0.02,-0.07,0.08,1.2,-0.24,0.11,-0.24,1.2,0.6,0.53,0.24,0.53,0.32
7.1000000000000005,5.59375,123.37375,-2.25,-62.32500000000001,22.72500000000001,-7.8095000000000026,-5.872000000000006,22.76275,-30.494625000000013,9.948125000000005,-13.070375,93.2685,-66.591375,114.6015,0.9,0.2,0.06,0.2,0.88,1.2,0.94,0.01,0.94,0.7,1.0,0.78,0.45,0.78,0.48,2.3,2.25,0.12,2.25,0.39,0.8,0.54,0.23,0.54,0.52,2.4,2.38,0.0,2.38,0.0,2.1,1.65,0.13,1.65,1.25,1.9,1.78,0.15,1.78,0.55,2.3,1.87,0.24,1.87,1.39,0.1,-0.07,0.02,-0.07,0.08,1.2,-0.24,0.11,-0.24,1.2,0.6,0.53,0.24,0.53,0.32
7.15,5.629032258064517,124.66387096774194,-2.25,-63.261290322580656,23.19677419354839,-8.001032258064518,-6.621516129032266,22.313032258064506,-32.24061290322583,10.281129032258066,-13.051967741935483,93.37019354838709,-66.41248387096775,114.58012903225806,0.9,0.2,0.06,0.2,0.88,1.2,0.94,0.01,0.94,0.7,1.0,0.7896774193548389,0.4209677419354833,0.7896774193548389,0.46064516129032224,2.3,2.2306451612903224,0.11032258064516111,2.2306451612903224,0.46741935483871105,0.7032258064516111,0.36580645161290004,0.16225806451612781,0.36580645161290004,0.5393548387096778,2.303225806451611,2.3412903225806443,0.03870967741935555,2.3412903225806443,0.019354838709677774,2.1,1.6887096774193555,0.06225806451612781,1.6887096774193555,1.2693548387096778,1.9,1.7606451612903222,0.14032258064516112,1.7606451612903222,0.5983870967741944,2.3,1.8506451612903223,0.22064516129032222,1.8506451612903223,1.4190322580645165,0.1,-0.07,0.02,-0.07,0.08,1.2,-0.24,0.11,-0.24,1.2,0.5032258064516112,0.44290322580645003,0.2980645161290333,0.44290322580645003,0.21354838709677226
7.2,5.691935483870968,125.9641935483871,-2.255483870967742,-64.17806451612903,23.045161290322582,-7.853806451612903,-7.364032258064517,23.346612903225807,-34.05745161290323,10.29374193548387,-12.979322580645162,93.57035483870968,-67.41825806451612,115.32954838709676,0.9,0.2,0.06,0.2,0.88,1.2,0.94,0.01,0.94,0.7,1.0,0.79,0.42,0.79,0.46,2.3,2.23,0.11,2.23,0.47,0.7,0.36,0.16,0.36,0.54,2.3,2.34,0.04,2.34,0.02,2.1,1.69,0.06,1.69,1.27,1.9,1.76,0.14,1.76,0.6,2.3,1.85,0.22,1.85,1.42,0.1,-0.07,0.02,-0.07,0.08,1.2,-0.24,0.11,-0.24,1.2,0.5,0.44,0.3,0.44,0.21
7.25,5.724838709677419,127.27064516129032,-2.26,-65.12677419354839,22.932258064516127,-7.7294838709677425,-8.028419354838709,24.34116129032258,-35.948903225806454,10.347774193548387,-12.803193548387098,93.62548387096774,-67.67677419354838,115.5245806451613,0.9,0.2,0.06,0.2,0.88,1.2,0.94,0.01,0.94,0.7,1.0,0.79,0.42,0.79,0.46,2.3,2.23,0.11,2.23,0.47,0.7,0.36,0.16,0.36,0.54,2.3,2.34,0.04,2.34,0.02,2.1,1.69,0.06,1.69,1.27,1.9,1.76,0.14,1.76,0.6,2.3,1.85,0.22,1.85,1.42,0.1,-0.07,0.02,-0.07,0.08,1.2,-0.24,0.11,-0.24,1.2,0.5,0.44,0.3,0.44,0.21
7.300000000000001,5.765000000000001,128.56500000000003,-2.26,-66.07250000000002,23.325000000000006,-7.955500000000005,-8.751500000000012,24.536750000000005,-34.648249999999976,10.867750000000012,-12.81775,93.7745,-67.9205,115.7895,0.9,0.2,0.06,0.2,0.88,1.2,0.94,0.01,0.94,0.7,1.0,0.79,0.42,0.79,0.46,2.3,2.23,0.11,2.23,0.47,0.7,0.36,0.16,0.36,0.54,2.3,2.34,0.04,2.34,0.02,2.1,1.69,0.06,1.69,1.27,1.9,1.76,0.14,1.76,0.6,2.3,1.85,0.22,1.85,1.42,0.1,-0.07,0.02,-0.07,0.08,1.2,-0.24,0.11,-0.24,1.2,0.5,0.44,0.3,0.44,0.21
7.3500000000000005,5.807096774193549,129.86741935483872,-2.28,-67.01290322580645,23.54193548387097,-8.544580645161293,-9.376451612903226,25.323000000000004,-33.172870967741936,11.52903225806452,-12.849354838709678,94.16825806451612,-69.23677419354838,116.88351612903226,0.9,0.2,0.06,0.2,0.88,1.2,0.94,0.01,0.94,0.7,1.0,0.79,0.42,0.79,0.46,2.3,2.23,0.11,2.23,0.47,0.7,0.36,0.16,0.36,0.54,2.3,2.34,0.04,2.34,0.02,2.1,1.69,0.06,1.69,1.27,1.9,1.76,0.14,1.76,0.6,2.3,1.85,0.22,1.85,1.42,0.1,-0.07,0.02,-0.07,0.08,1.2,-0.24,0.11,-0.24,1.2,0.5,0.44,0.3,0.44,0.21
7.4,5.849032258064517,131.17387096774195,-2.289677419354839,-67.9709677419355,24.38064516129033,-9.188129032258072,-9.408064516129032,26.223967741935496,-32.859967741935485,12.206451612903233,-12.835483870967742,94.34954838709677,-69.14129032258064,116.97448387096775,0.9,0.16129032258064446,0.05032258064516112,0.16129032258064446,0.8993548387096778,1.296774193548389,1.036774193548389,0.12612903225806663,1.036774193548389,0.7193548387096778,1.0,0.8480645161290333,0.3716129032258056,0.8480645161290333,0.42129032258064447,2.3,2.2106451612903224,0.08096774193548334,2.2106451612903224,0.46032258064516113,0.6032258064516112,0.3019354838709667,0.01483870967741674,0.3019354838709667,0.2787096774193501,2.3,2.3206451612903223,0.06903225806451666,2.3206451612903223,0.02,2.196774193548389,1.7190322580645165,0.011612903225805576,1.7190322580645165,1.2990322580645166,1.9,1.7890322580645166,0.10129032258064447,1.7890322580645166,0.6387096774193556,2.3,1.7919354838709667,0.2587096774193556,1.7919354838709667,1.4006451612903221,0.19677419354838888,-0.08935483870967777,0.04903225806451666,-0.08935483870967777,0.1380645161290333,1.2,-0.15290322580645002,0.1293548387096778,-0.15290322580645002,1.1709677419354834,0.5,0.3625806451612889,0.3096774193548389,0.3625806451612889,0.15193548387096667
7.45,5.893225806451613,132.48032258064515,-2.2958064516129033,-68.92258064516129,25.232258064516127,-9.759096774193548,-9.305838709677419,27.190774193548386,-32.811,12.778612903225806,-12.811290322580644,94.48025806451612,-68.77025806451613,116.8624193548387,0.9,0.16,0.05,0.16,0.9,1.3,1.04,0.13,1.04,0.72,1.0,0.85,0.37,0.85,0.42,2.3,2.21,0.08,2.21,0.46,0.6,0.3,0.01,0.3,0.27,2.3,2.32,0.07,2.32,0.02,2.2,1.72,0.01,1.72,1.3,1.9,1.79,0.1,1.79,0.64,2.3,1.79,0.26,1.79,1.4,0.2,-0.09,0.05,-0.09,0.14,1.2,-0.15,0.13,-0.15,1.17,0.5,0.36,0.31,0.36,0.15
7.5,5.959677419354839,133.8006451612903,-2.311935483870968,-69.86225806451613,25.280645161290323,-9.95616129032258,-9.203612903225805,28.500645161290326,-32.762193548387096,12.801612903225806,-12.787096774193548,94.65067741935485,-68.88648387096774,117.06967741935483,0.9,0.16,0.05,0.16,0.9,1.3,1.04,0.13,1.04,0.72,1.0,0.85,0.37,0.85,0.42,2.3,2.21,0.08,2.21,0.46,0.6,0.3,0.01,0.3,0.27,2.3,2.32,0.07,2.32,0.02,2.2,1.72,0.01,1.72,1.3,1.9,1.79,0.1,1.79,0.64,2.3,1.79,0.26,1.79,1.4,0.2,-0.09,0.05,-0.09,0.14,1.2,-0.15,0.13,-0.15,1.17,0.5,0.36,0.31,0.36,0.15
7.550000000000001,6.03225806451613,135.12322580645164,-2.3280645161290323,-70.79774193548388,25.2,-10.035193548387097,-9.101193548387096,29.65951612903227,-32.7138064516129,12.698387096774193,-12.763709677419355,94.83454838709677,-69.15906451612904,117.37935483870969,0.9,0.16,0.05,0.16,0.9,1.3,1.04,0.13,1.04,0.72,1.0,0.85,0.37,0.85,0.42,2.3,2.21,0.08,2.21,0.46,0.6,0.3,0.01,0.3,0.27,2.3,2.32,0.07,2.32,0.02,2.2,1.72,0.01,1.72,1.3,1.9,1.79,0.1,1.79,0.64,2.3,1.79,0.26,1.79,1.4,0.2,-0.09,0.05,-0.09,0.14,1.2,-0.15,0.13,-0.15,1.17,0.5,0.36,0.31,0.36,0.15
7.6000000000000005,6.064516129032258,136.45129032258066,-2.3445161290322583,-71.76645161290324,25.05483870967742,-9.76864516129032,-8.998999999999999,28.57845161290322,-32.66445161290323,12.577096774193548,-12.739225806451612,95.05274193548387,-69.79587096774193,117.93035483870968,0.9,0.16,0.05,0.16,0.9,1.3,1.04,0.13,1.04,0.72,1.0,0.85,0.37,0.85,0.42,2.3,2.21,0.08,2.21,0.46,0.6,0.3,0.01,0.3,0.27,2.3,2.32,0.07,2.32,0.02,2.2,1.72,0.01,1.72,1.3,1.9,1.79,0.1,1.79,0.64,2.3,1.79,0.26,1.79,1.4,0.2,-0.09,0.05,-0.09,0.14,1.2,-0.15,0.13,-0.15,1.17,0.5,0.36,0.31,0.36,0.15
7.65,6.091,137.77,-2.3609999999999998,-72.74000000000001,24.88,-9.369299999999999,-8.8968,27.9785,-32.6161,12.380399999999998,-12.7155,95.2266,-70.02600000000001,118.20720000000001,0.9,0.16,0.05,0.16,0.9,1.3,1.04,0.13,1.04,0.72,1.0,0.91,0.32,0.91,0.43,2.3,2.22,0.09,2.22,0.47,0.6,0.3,0.01,0.3,0.27,2.3,2.32,0.07,2.32,0.02,2.2,1.72,0.01,1.72,1.3,1.9,1.79,0.1,1.79,0.64,2.3,1.79,0.26,1.79,1.4,0.2,-0.09,0.05,-0.09,0.14,1.2,-0.15,0.13,-0.15,1.17,0.5,0.36,0.26,0.36,0.14
7.7,6.1,139.10333333333335,-2.377666666666667,-73.73233333333334,24.469999999999995,-9.119899999999998,-8.794233333333333,28.002366666666667,-32.567,11.955066666666664,-12.691266666666667,95.42223333333334,-70.4649,118.62586666666667,0.9,0.16,0.05,0.16,0.9,1.3,1.04,0.13,1.04,0.72,1.0,0.91,0.32,0.91,0.43,2.3,2.22,0.09,2.22,0.47,0.6,0.3,0.01,0.3,0.27,2.3,2.32,0.07,2.32,0.02,2.2,1.72,0.01,1.72,1.3,1.9,1.79,0.1,1.79,0.64,2.3,1.79,0.26,1.79,1.4,0.2,-0.09,0.05,-0.09,0.14,1.2,-0.15,0.13,-0.15,1.17,0.5,0.36,0.26,0.36,0.14
7.75,6.11,140.43666666666667,-2.3943333333333334,-74.72,24.07,-8.879833333333334,-8.691133333333333,28.19533333333333,-32.518433333333334,11.491933333333336,-12.666933333333334,95.61536666666667,-70.91850000000001,119.0517,0.9,0.16,0.05,0.16,0.9,1.3,1.04,0.13,1.04,0.72,1.0,0.91,0.32,0.91,0.43,2.3,2.22,0.09,2.22,0.47,0.6,0.3,0.01,0.3,0.27,2.3,2.32,0.07,2.32,0.02,2.2,1.72,0.01,1.72,1.3,1.9,1.79,0.1,1.79,0.64,2.3,1.79,0.26,1.79,1.4,0.2,-0.09,0.05,-0.09,0.14,1.2,-0.15,0.13,-0.15,1.17,0.5,0.36,0.26,0.36,0.14
7.800000000000001,6.119032258064516,141.75741935483873,-2.4109677419354845,-75.70806451612906,23.470967741935475,-8.597935483870959,-8.589096774193548,28.928903225806437,-32.47009677419354,10.922999999999988,-12.643548387096773,95.77954838709678,-71.31596774193548,119.42032258064518,0.9,0.16,0.05,0.16,0.9,1.3,1.04,0.13,1.04,0.72,1.0,0.91,0.32,0.91,0.43,2.3,2.22,0.09,2.22,0.47,0.6,0.3,0.01,0.3,0.27,2.3,2.32,0.07,2.32,0.02,2.2,1.72,0.01,1.72,1.3,1.9,1.79,0.1,1.79,0.64,2.3,1.79,0.26,1.79,1.4,0.2,-0.09,0.05,-0.09,0.14,1.2,-0.15,0.13,-0.15,1.17,0.5,0.36,0.26,0.36,0.14
7.8500000000000005,6.102666666666666,143.0666666666667,-2.42,-76.68266666666668,22.979999999999993,-8.085933333333326,-8.488533333333331,28.167733333333324,-32.421733333333336,10.341333333333326,-12.619733333333333,95.88006666666666,-71.62793333333335,119.68686666666666,0.9,0.16,0.05,0.16,0.9,1.3,1.04,0.13,1.04,0.72,1.0,0.91,0.32,0.91,0.43,2.3,2.22,0.09,2.22,0.47,0.6,0.3,0.01,0.3,0.27,2.3,2.32,0.07,2.32,0.02,2.2,1.72,0.01,1.72,1.3,1.9,1.79,0.1,1.79,0.64,2.3,1.79,0.26,1.79,1.4,0.2,-0.09,0.05,-0.09,0.14,1.2,-0.15,0.13,-0.15,1.17,0.5,0.36,0.26,0.36,0.14
7.9,6.066999999999999,144.40233333333336,-2.42,-77.71433333333334,22.8,-7.33809999999999,-8.384566666666665,28.102766666666668,-32.37243333333333,9.973499999999996,-12.594933333333334,95.7749,-71.90103333333333,119.76556666666667,0.9,0.13,0.03,0.13,0.89,1.4,1.1,0.22,1.1,0.74,1.0,0.93,0.28,0.93,0.46,2.3,2.22,0.06,2.22,0.45,0.6,0.46,0.04,0.46,0.17,2.3,2.25,0.14,2.25,0.06,2.2,1.78,0.1,1.78,1.29,2.2,2.02,0.12,2.02,0.71,2.2,1.72,0.28,1.72,1.42,0.2,-0.07,0.08,-0.07,0.17,1.2,-0.09,0.1,-0.09,1.19,0.6,0.4,0.2,0.4,0.21
7.95,6.027,145.718,-2.419,-78.73,22.7,-6.5741999999999985,-8.2829,28.171000000000003,-32.3241,9.6496,-12.5715,95.6398,-72.1616,119.81400000000001,0.9,0.13,0.03,0.13,0.89,1.4,1.1,0.22,1.1,0.74,1.0,0.93,0.28,0.93,0.46,2.3,2.22,0.06,2.22,0.45,0.6,0.46,0.04,0.46,0.17,2.3,2.25,0.14,2.25,0.06,2.2,1.78,0.1,1.78,1.29,2.2,2.02,0.12,2.02,0.71,2.2,1.72,0.28,1.72,1.42,0.2,-0.07,0.08,-0.07,0.17,1.2,-0.09,0.1,-0.09,1.19,0.6,0.4,0.2,0.4,0.21
8.0,5.976999999999999,147.02566666666667,-2.41,-79.73766666666667,22.623333333333335,-5.810866666666664,-8.206533333333333,28.238433333333333,-31.987499999999997,9.326266666666665,-12.528866666666666,95.5407,-72.43616666666668,119.90156666666667,0.9,0.13,0.03,0.13,0.89,1.4,1.1,0.22,1.1,0.74,1.0,0.93,0.28,0.93,0.46,2.3,2.22,0.06,2.22,0.45,0.6,0.46,0.04,0.46,0.17,2.3,2.25,0.14,2.25,0.06,2.2,1.78,0.1,1.78,1.29,2.2,2.02,0.12,2.02,0.71,2.2,1.72,0.28,1.72,1.42,0.2,-0.07,0.08,-0.07,0.17,1.2,-0.09,0.1,-0.09,1.19,0.6,0.4,0.2,0.4,0.21
8.05,5.931034482758621,148.35413793103447,-2.43448275862069,-80.74896551724137,22.355172413793102,-5.043586206896553,-8.35351724137931,28.307379310344828,-29.105068965517244,9.00048275862069,-12.325931034482759,95.7661724137931,-72.8361724137931,120.32406896551724,0.9,0.13,0.03,0.13,0.89,1.4,1.1,0.22,1.1,0.74,1.0,0.93,0.28,0.93,0.46,2.3,2.22,0.06,2.22,0.45,0.6,0.46,0.04,0.46,0.17,2.3,2.25,0.14,2.25,0.06,2.2,1.78,0.1,1.78,1.29,2.2,2.02,0.12,2.02,0.71,2.2,1.72,0.28,1.72,1.42,0.2,-0.07,0.08,-0.07,0.17,1.2,-0.09,0.1,-0.09,1.19,0.6,0.4,0.2,0.4,0.21
8.1,5.886,149.68533333333335,-2.46,-81.76,22.2,-4.276333333333339,-8.518933333333333,28.375466666666668,-26.032066666666672,8.67526666666667,-12.118133333333333,96.0292,-73.25066666666666,120.78666666666666,0.9,0.12466666666666715,0.03,0.12466666666666715,0.8926666666666665,1.3866666666666678,1.086666666666668,0.2093333333333343,1.086666666666668,0.7373333333333335,1.013333333333332,0.93,0.27466666666666717,0.93,0.46266666666666645,2.3,2.217333333333334,0.05733333333333357,2.217333333333334,0.44866666666666677,0.6133333333333322,0.471999999999999,0.054666666666665364,0.471999999999999,0.19399999999999787,2.2733333333333356,2.2300000000000018,0.15999999999999823,2.2300000000000018,0.06666666666666607,2.2133333333333325,1.7826666666666664,0.10133333333333322,1.7826666666666664,1.2860000000000005,2.2,2.026666666666666,0.12266666666666642,2.026666666666666,0.7086666666666668,2.2,1.7066666666666679,0.2706666666666675,1.7066666666666679,1.4359999999999986,0.21333333333333215,-0.06866666666666679,0.0893333333333325,-0.06866666666666679,0.17533333333333287,1.213333333333332,-0.07933333333333428,0.08666666666666786,-0.07933333333333428,1.1993333333333325,0.6,0.4066666666666661,0.1906666666666675,0.4066666666666661,0.21533333333333285
8.15,5.851724137931034,151.03206896551725,-2.4765517241379316,-82.76827586206899,22.034482758620683,-3.504620689655157,-8.461275862068963,28.444103448275865,-25.087137931034466,8.348275862068958,-12.109896551724137,96.17210344827586,-73.42186206896551,121.00031034482758,0.9,0.09,0.03,0.09,0.91,1.3,1.0,0.14,1.0,0.72,1.1,0.93,0.24,0.93,0.48,2.3,2.2,0.04,2.2,0.44,0.7,0.55,0.15,0.55,0.35,2.1,2.1,0.29,2.1,0.11,2.3,1.8,0.11,1.8,1.26,2.2,2.07,0.14,2.07,0.7,2.2,1.62,0.21,1.62,1.54,0.3,-0.06,0.15,-0.06,0.21,1.3,-0.01,0.0,-0.01,1.26,0.6,0.45,0.13,0.45,0.25
8.200000000000001,5.915,152.41500000000002,-2.5300000000000007,-83.69500000000002,20.299999999999976,-2.79449999999999,-7.7614999999999865,28.556000000000004,-23.710999999999974,8.060499999999996,-11.734499999999993,96.18350000000001,-71.58199999999998,119.9045,0.9,0.09,0.03,0.09,0.91,1.3,1.0,0.14,1.0,0.72,1.1,0.93,0.24,0.93,0.48,2.3,2.2,0.04,2.2,0.44,0.7,0.55,0.15,0.55,0.35,2.1,2.1,0.29,2.1,0.11,2.3,1.8,0.11,1.8,1.26,2.2,2.07,0.14,2.07,0.7,2.2,1.62,0.21,1.62,1.54,0.3,-0.06,0.15,-0.06,0.21,1.3,-0.01,0.0,-0.01,1.26,0.6,0.45,0.13,0.45,0.25
8.25,5.811379310344827,153.7393103448276,-2.5379310344827584,-84.75034482758622,19.437931034482755,-2.3649310344827565,-6.994310344827582,28.889137931034483,-22.260758620689646,7.959965517241379,-11.317724137931032,96.41093103448276,-72.22144827586207,120.46972413793104,0.9,0.09,0.03,0.09,0.91,1.3,1.0,0.14,1.0,0.72,1.1,0.93,0.24,0.93,0.48,2.3,2.2,0.04,2.2,0.44,0.7,0.55,0.15,0.55,0.35,2.1,2.1,0.29,2.1,0.11,2.3,1.8,0.11,1.8,1.26,2.2,2.07,0.14,2.07,0.7,2.2,1.62,0.21,1.62,1.54,0.3,-0.06,0.15,-0.06,0.21,1.3,-0.01,0.0,-0.01,1.26,0.6,0.45,0.13,0.45,0.25
8.3,5.659000000000001,155.043,-2.53,-85.826,18.84,-2.0034,-6.2115,29.2667,-20.8186,7.9024,-10.9018,96.6805,-73.4185,121.4043,0.9,0.09,0.03,0.09,0.91,1.3,1.0,0.14,1.0,0.72,1.1,0.93,0.24,0.93,0.48,2.3,2.2,0.04,2.2,0.44,0.7,0.55,0.15,0.55,0.35,2.1,2.1,0.29,2.1,0.11,2.3,1.8,0.11,1.8,1.26,2.2,2.07,0.14,2.07,0.7,2.2,1.62,0.21,1.62,1.54,0.3,-0.06,0.15,-0.06,0.21,1.3,-0.01,0.0,-0.01,1.26,0.6,0.45,0.13,0.45,0.25
8.35,5.5760000000000005,156.384,-2.546,-86.84999999999998,18.380000000000006,-1.638000000000005,-4.676800000000022,29.648999999999994,-19.272800000000018,7.843600000000001,-10.441600000000005,96.7312,-73.3372,121.393,0.9,0.09,0.03,0.09,0.91,1.3,1.0,0.14,1.0,0.72,1.1,0.93,0.24,0.93,0.48,2.3,2.2,0.04,2.2,0.44,0.7,0.55,0.15,0.55,0.35,2.1,2.1,0.29,2.1,0.11,2.3,1.8,0.11,1.8,1.26,2.2,2.07,0.14,2.07,0.7,2.2,1.62,0.21,1.62,1.54,0.3,-0.06,0.15,-0.06,0.21,1.3,-0.01,0.0,-0.01,1.26,0.6,0.45,0.13,0.45,0.25
8.4,5.497999999999999,157.72700000000003,-2.553,-87.867,18.330000000000002,-1.2724999999999962,-3.0310999999999813,30.029800000000005,-18.687099999999997,7.7848,-10.3224,96.74239999999999,-73.12389999999999,121.2726,0.9,0.09,0.03,0.09,0.91,1.3,1.0,0.14,1.0,0.72,1.0,0.87,0.24,0.87,0.48,2.3,2.2,0.04,2.2,0.44,0.7,0.55,0.15,0.55,0.35,2.1,2.1,0.29,2.1,0.11,2.3,1.8,0.11,1.8,1.26,2.2,2.07,0.14,2.07,0.7,2.2,1.62,0.21,1.62,1.54,0.3,-0.06,0.15,-0.06,0.21,1.3,-0.01,0.0,-0.01,1.26,0.6,0.45,0.13,0.45,0.25
8.450000000000001,5.429999999999997,159.08000000000007,-2.5600000000000005,-88.87000000000003,18.500000000000018,-0.9049999999999873,-1.2119999999999536,30.414000000000016,-18.47400000000002,7.725999999999998,-10.477000000000022,96.593,-72.55899999999998,120.81099999999999,0.9,0.09,0.03,0.09,0.91,1.3,1.0,0.14,1.0,0.72,1.0,0.87,0.24,0.87,0.48,2.3,2.2,0.04,2.2,0.44,0.7,0.55,0.15,0.55,0.35,2.1,2.1,0.29,2.1,0.11,2.3,1.8,0.11,1.8,1.26,2.2,2.07,0.14,2.07,0.7,2.2,1.62,0.21,1.62,1.54,0.3,-0.06,0.15,-0.06,0.21,1.3,-0.01,0.0,-0.01,1.26,0.6,0.45,0.13,0.45,0.25
8.5,5.345517241379311,160.41482758620688,-2.576896551724138,-89.87689655172413,19.075862068965513,-0.5410344827586234,0.07575862068964595,30.794862068965514,-19.113620689655168,7.667551724137931,-11.088931034482753,96.40975862068966,-72.21606896551724,120.45817241379311,0.9,0.09,0.03,0.09,0.91,1.3,1.0,0.14,1.0,0.72,1.0,0.87,0.24,0.87,0.48,2.3,2.2,0.04,2.2,0.44,0.7,0.55,0.15,0.55,0.35,2.1,2.1,0.29,2.1,0.11,2.3,1.8,0.11,1.8,1.26,2.2,2.07,0.14,2.07,0.7,2.2,1.62,0.21,1.62,1.54,0.3,-0.06,0.15,-0.06,0.21,1.3,-0.01,0.0,-0.01,1.26,0.6,0.45,0.13,0.45,0.25
8.55,5.271666666666666,161.75333333333336,-2.583666666666667,-90.87633333333335,19.783333333333346,-0.17643333333332906,1.0476000000000074,31.17523333333334,-19.805800000000005,7.609166666666666,-11.774766666666675,96.20923333333333,-71.95346666666667,120.14103333333333,0.9,0.09,0.03,0.09,0.91,1.3,1.0,0.14,1.0,0.72,1.0,0.87,0.24,0.87,0.48,2.3,2.2,0.04,2.2,0.44,0.7,0.55,0.15,0.55,0.35,2.1,2.1,0.29,2.1,0.11,2.3,1.8,0.11,1.8,1.26,2.2,2.07,0.14,2.07,0.7,2.2,1.62,0.21,1.62,1.54,0.3,-0.06,0.15,-0.06,0.21,1.3,-0.01,0.0,-0.01,1.26,0.6,0.45,0.13,0.45,0.25
8.6,5.17793103448276,163.07724137931035,-2.5903448275862067,-91.86068965517241,20.51379310344827,0.1855172413793062,1.5100344827586223,31.553827586206893,-20.01172413793104,7.550793103448276,-12.510482758620682,96.05403448275862,-72.1018620689655,120.10596551724137,0.9,0.0896551724137933,0.030689655172413413,0.0896551724137933,0.9110344827586202,1.296551724137933,0.9979310344827598,0.13827586206896647,0.9979310344827598,0.7193103448275866,1.0,0.8696551724137933,0.23896551724137988,0.8696551724137933,0.48034482758620667,2.2965517241379327,2.19689655172414,0.04034482758620671,2.19689655172414,0.4410344827586201,0.703448275862067,0.5544827586206872,0.1506896551724134,0.5544827586206872,0.3451724137931061,2.096551724137933,2.0972413793103466,0.29275862068965364,2.0972413793103466,0.11068965517241341,2.2965517241379327,1.8006896551724134,0.10896551724137989,1.8006896551724134,1.2572413793103463,2.2,2.06896551724138,0.1389655172413799,2.06896551724138,0.7013793103448268,2.2034482758620673,1.6210344827586203,0.20724137931034634,1.6210344827586203,1.5413793103448268,0.3,-0.06103448275862012,0.1510344827586201,-0.06103448275862012,0.20965517241379328,1.3,-0.009310344827586588,0.0006896551724134129,-0.009310344827586588,1.26,0.6034482758620671,0.4503448275862067,0.12793103448275978,0.4503448275862067,0.25172413793103354
8.65,5.090666666666666,164.43400000000003,-2.6073333333333335,-92.86533333333334,21.120000000000005,0.5566000000000052,1.2869333333333288,31.94093333333334,-19.252066666666654,7.4913333333333325,-13.159333333333342,95.86880000000001,-72.31206666666667,120.08506666666666,0.9,0.08,0.05,0.08,0.94,1.2,0.94,0.09,0.94,0.7,1.0,0.86,0.21,0.86,0.49,2.2,2.11,0.05,2.11,0.47,0.8,0.68,0.17,0.68,0.21,2.0,2.02,0.37,2.02,0.13,2.2,1.82,0.08,1.82,1.18,2.2,2.04,0.11,2.04,0.74,2.3,1.65,0.13,1.65,1.58,0.3,-0.09,0.18,-0.09,0.2,1.3,0.01,0.02,0.01,1.26,0.7,0.46,0.07,0.46,0.3
8.700000000000001,5.088999999999999,165.77700000000002,-2.633666666666667,-93.76900000000002,21.126666666666658,0.9031666666666739,0.6699333333333188,31.921033333333295,-18.083766666666648,7.370466666666658,-13.653700000000008,96.1037,-72.30193333333334,120.26486666666666,0.9,0.08,0.05,0.08,0.94,1.2,0.94,0.09,0.94,0.7,1.0,0.86,0.21,0.86,0.49,2.2,2.11,0.05,2.11,0.47,0.8,0.68,0.17,0.68,0.21,2.0,2.02,0.37,2.02,0.13,2.2,1.82,0.08,1.82,1.18,2.2,2.04,0.11,2.04,0.74,2.3,1.65,0.13,1.65,1.58,0.3,-0.09,0.18,-0.09,0.2,1.3,0.01,0.02,0.01,1.26,0.7,0.46,0.07,0.46,0.3
8.75,4.997666666666668,167.10633333333334,-2.650333333333333,-94.74966666666666,20.8,1.1701333333333268,0.1451666666666687,29.803733333333344,-17.538100000000014,6.9106000000000085,-13.9055,96.22543333333333,-72.2677,120.34216666666667,0.9,0.08,0.05,0.08,0.94,1.2,0.94,0.09,0.94,0.7,1.0,0.86,0.21,0.86,0.49,2.2,2.11,0.05,2.11,0.47,0.8,0.68,0.17,0.68,0.21,2.0,2.02,0.37,2.02,0.13,2.2,1.82,0.08,1.82,1.18,2.2,2.04,0.11,2.04,0.74,2.3,1.65,0.13,1.65,1.58,0.3,-0.09,0.18,-0.09,0.2,1.3,0.01,0.02,0.01,1.26,0.7,0.46,0.07,0.46,0.3
8.8,4.8793103448275845,168.4493103448276,-2.667241379310345,-95.74724137931035,20.72758620689655,1.7993448275862183,0.004310344827584998,28.83075862068964,-16.08224137931032,6.120034482758607,-13.833758620689654,96.36844827586208,-72.07420689655173,120.34048275862068,0.9,0.08,0.05,0.08,0.94,1.2,0.94,0.09,0.94,0.7,1.0,0.86,0.21,0.86,0.49,2.2,2.11,0.05,2.11,0.47,0.8,0.68,0.17,0.68,0.21,2.0,2.02,0.37,2.02,0.13,2.2,1.82,0.08,1.82,1.18,2.2,2.04,0.11,2.04,0.74,2.3,1.65,0.13,1.65,1.58,0.3,-0.09,0.18,-0.09,0.2,1.3,0.01,0.02,0.01,1.26,0.7,0.46,0.07,0.46,0.3
8.85,4.748,169.78,-2.67,-96.746,20.46,2.4410000000000003,0.2022,27.938399999999998,-15.6016,5.3242,-13.895199999999999,96.271,-72.0762,120.2626,0.9,0.08,0.05,0.08,0.94,1.2,0.94,0.09,0.94,0.7,1.0,0.86,0.21,0.86,0.49,2.2,2.11,0.05,2.11,0.47,0.8,0.68,0.17,0.68,0.21,2.0,2.02,0.37,2.02,0.13,2.2,1.82,0.08,1.82,1.18,2.2,2.04,0.11,2.04,0.74,2.3,1.65,0.13,1.65,1.58,0.3,-0.09,0.18,-0.09,0.2,1.3,0.01,0.02,0.01,1.26,0.7,0.46,0.07,0.46,0.3
8.9,4.611,171.12900000000002,-2.66,-97.76,18.859999999999996,3.069600000000001,0.536000000000002,27.040899999999997,-14.899,4.544499999999998,-14.213800000000003,96.1683,-72.0158,120.1434,1.0,0.08,0.06,0.08,0.96,1.2,0.92,0.01,0.92,0.64,1.0,0.83,0.2,0.83,0.47,2.2,2.1,0.05,2.1,0.47,0.9,0.88,0.31,0.88,0.27,2.0,2.0,0.37,2.0,0.12,2.2,1.81,0.05,1.81,1.14,2.0,1.89,0.02,1.89,0.75,2.3,1.68,0.07,1.68,1.63,0.3,-0.11,0.19,-0.11,0.21,1.3,0.0,0.02,0.0,1.24,0.6,0.45,0.07,0.45,0.3
8.950000000000001,4.4609999999999985,172.45333333333335,-2.66,-98.76000000000002,18.423333333333332,3.3395000000000015,1.136966666666674,26.012166666666655,-14.415866666666663,4.187366666666664,-14.791700000000008,96.11236666666666,-72.06323333333333,120.12783333333333,1.0,0.08,0.06,0.08,0.96,1.2,0.92,0.01,0.92,0.64,1.0,0.83,0.2,0.83,0.47,2.2,2.1,0.05,2.1,0.47,0.9,0.88,0.31,0.88,0.27,2.0,2.0,0.37,2.0,0.12,2.2,1.81,0.05,1.81,1.14,2.0,1.89,0.02,1.89,0.75,2.3,1.68,0.07,1.68,1.63,0.3,-0.11,0.19,-0.11,0.21,1.3,0.0,0.02,0.0,1.24,0.6,0.45,0.07,0.45,0.3
9.0,4.321,173.77666666666667,-2.66,-99.74566666666666,19.460000000000004,2.608099999999997,1.808100000000003,23.994433333333326,-14.016,4.591733333333336,-15.43356666666667,95.78923333333333,-72.0121,119.83913333333332,1.0,0.08,0.06,0.08,0.96,1.2,0.92,0.01,0.92,0.64,1.0,0.83,0.2,0.83,0.47,2.2,2.1,0.05,2.1,0.47,0.9,0.88,0.31,0.88,0.27,2.0,2.0,0.37,2.0,0.12,2.2,1.81,0.05,1.81,1.14,2.0,1.89,0.02,1.89,0.75,2.3,1.68,0.07,1.68,1.63,0.3,-0.11,0.19,-0.11,0.21,1.3,0.0,0.02,0.0,1.24,0.6,0.45,0.07,0.45,0.3
9.05,4.159999999999999,175.10000000000002,-2.66,-100.74000000000001,20.350000000000005,1.744299999999997,2.676800000000003,21.852699999999995,-13.967799999999999,5.097300000000002,-16.2632,95.50290000000001,-71.7689,119.4639,1.0,0.08,0.06,0.08,0.96,1.2,0.92,0.01,0.92,0.64,1.0,0.83,0.2,0.83,0.47,2.2,2.1,0.05,2.1,0.47,0.9,0.88,0.31,0.88,0.27,2.0,2.0,0.37,2.0,0.12,2.2,1.81,0.05,1.81,1.14,2.0,1.89,0.02,1.89,0.75,2.3,1.68,0.07,1.68,1.63,0.3,-0.11,0.19,-0.11,0.21,1.3,0.0,0.02,0.0,1.24,0.6,0.45,0.07,0.45,0.3
9.1,3.993333333333333,176.43333333333334,-2.66,-101.73233333333334,21.183333333333337,0.8810999999999969,3.567900000000003,19.711299999999994,-14.0737,5.603066666666669,-17.151600000000002,95.23916666666666,-71.49616666666665,119.08886666666666,1.0,0.08,0.06,0.08,0.96,1.2,0.92,0.01,0.92,0.64,1.0,0.83,0.2,0.83,0.47,2.2,2.1,0.05,2.1,0.47,0.9,0.88,0.31,0.88,0.27,2.0,2.0,0.37,2.0,0.12,2.2,1.81,0.05,1.81,1.14,2.0,1.89,0.02,1.89,0.75,2.3,1.68,0.07,1.68,1.63,0.3,-0.11,0.19,-0.11,0.21,1.3,0.0,0.02,0.0,1.24,0.6,0.45,0.07,0.45,0.3
9.15,3.829999999999998,177.73000000000002,-2.66,-102.71000000000001,22.200000000000014,0.0263999999999876,4.246600000000009,17.593199999999968,-14.746200000000009,6.102800000000007,-18.140400000000014,95.0444,-71.32939999999999,118.8336,1.0,0.09,0.12,0.09,1.03,1.1,0.96,0.03,0.96,0.5,1.0,0.8,0.2,0.8,0.44,2.2,2.12,0.06,2.12,0.39,1.0,0.97,0.35,0.97,0.31,2.1,2.13,0.22,2.13,0.16,2.1,1.78,0.0,1.78,1.1,2.1,1.89,0.0,1.89,0.76,2.4,1.69,0.02,1.69,1.63,0.3,-0.16,0.19,-0.16,0.22,1.2,0.02,0.02,0.02,1.18,0.6,0.42,0.09,0.42,0.31
9.200000000000001,3.662903225806449,179.0616129032258,-2.66,-103.6993548387097,23.032258064516142,-0.8451290322580773,4.813838709677422,15.433290322580614,-15.305612903225814,6.6130000000000075,-19.032903225806464,94.96625806451613,-71.20667741935483,118.69645161290322,1.0,0.09,0.12,0.09,1.03,1.1,0.96,0.03,0.96,0.5,1.0,0.8,0.2,0.8,0.44,2.2,2.12,0.06,2.12,0.39,1.0,0.97,0.35,0.97,0.31,2.1,2.13,0.22,2.13,0.16,2.1,1.78,0.0,1.78,1.1,2.1,1.89,0.0,1.89,0.76,2.4,1.69,0.02,1.69,1.63,0.3,-0.16,0.19,-0.16,0.22,1.2,0.02,0.02,0.02,1.18,0.6,0.42,0.09,0.42,0.31
9.25,3.4854838709677405,180.351935483871,-2.66,-104.67645161290324,23.77096774193549,-1.6983548387096843,4.917612903225806,13.316225806451596,-15.70177419354839,7.113000000000004,-19.75345161290323,94.56322580645161,-71.23370967741936,118.3908064516129,1.0,0.09,0.12,0.09,1.03,1.1,0.96,0.03,0.96,0.5,1.0,0.8,0.2,0.8,0.44,2.2,2.12,0.06,2.12,0.39,1.0,0.97,0.35,0.97,0.31,2.1,2.13,0.22,2.13,0.16,2.1,1.78,0.0,1.78,1.1,2.1,1.89,0.0,1.89,0.76,2.4,1.69,0.02,1.69,1.63,0.3,-0.16,0.19,-0.16,0.22,1.2,0.02,0.02,0.02,1.18,0.6,0.42,0.09,0.42,0.31
9.3,3.3177419354838666,181.67806451612907,-2.67,-105.6635483870968,24.5935483870968,-2.567967741935507,4.214967741935447,11.159129032258006,-15.639612903225816,7.622000000000014,-20.53487096774196,94.15025806451611,-71.18225806451613,118.03054838709677,1.0,0.09,0.12,0.09,1.03,1.1,0.96,0.03,0.96,0.5,1.0,0.8,0.2,0.8,0.44,2.2,2.12,0.06,2.12,0.39,1.0,0.97,0.35,0.97,0.31,2.1,2.13,0.22,2.13,0.16,2.1,1.78,0.0,1.78,1.1,2.1,1.89,0.0,1.89,0.76,2.4,1.69,0.02,1.69,1.63,0.3,-0.16,0.19,-0.16,0.22,1.2,0.02,0.02,0.02,1.18,0.6,0.42,0.09,0.42,0.31
9.35,3.137741935483873,182.9683870967742,-2.6793548387096773,-106.64064516129032,25.654838709677403,-3.4218709677419246,2.6480967741935704,9.042580645161317,-16.219387096774184,8.121999999999993,-21.514096774193536,93.71903225806452,-71.4001935483871,117.81845161290323,1.0,0.09,0.12,0.09,1.03,1.1,0.96,0.03,0.96,0.5,1.0,0.8,0.2,0.8,0.44,2.2,2.12,0.06,2.12,0.39,1.0,0.97,0.35,0.97,0.31,2.1,2.13,0.22,2.13,0.16,2.1,1.78,0.0,1.78,1.1,2.1,1.89,0.0,1.89,0.76,2.4,1.69,0.02,1.69,1.63,0.3,-0.16,0.19,-0.16,0.22,1.2,0.02,0.02,0.02,1.18,0.6,0.42,0.09,0.42,0.31
9.4,2.765185185185179,184.39740740740743,-2.5592592592592576,-107.8877777777778,29.974074074074146,-4.397888888888908,-0.44433333333338754,6.8614814814814435,-18.253000000000036,8.623740740740748,-22.93092592592595,94.6014814814815,-73.85948148148151,120.03240740740743,1.0,0.09,0.12,0.09,1.03,1.1,0.96,0.03,0.96,0.5,1.0,0.78,0.16,0.78,0.46,2.2,2.14,0.06,2.14,0.26,1.0,0.97,0.35,0.97,0.31,2.1,2.13,0.22,2.13,0.16,2.1,1.75,0.03,1.75,1.08,2.1,1.92,0.02,1.92,0.72,2.4,1.69,0.02,1.69,1.63,0.3,-0.16,0.19,-0.16,0.22,1.2,0.02,0.02,0.02,1.18,0.6,0.44,0.08,0.44,0.32
9.450000000000001,2.7037931034482683,185.58068965517245,-2.6575862068965512,-108.67965517241383,32.71724137931039,-6.516379310344895,-3.535862068965615,4.56003448275855,-20.02313793103449,9.002586206896563,-24.24882758620692,93.7648275862069,-72.23710344827586,118.36393103448276,1.0,0.09,0.12,0.09,1.03,1.1,0.96,0.03,0.96,0.5,1.0,0.78,0.16,0.78,0.46,2.2,2.14,0.06,2.14,0.26,1.0,0.97,0.35,0.97,0.31,2.1,2.13,0.22,2.13,0.16,2.1,1.75,0.03,1.75,1.08,2.1,1.92,0.02,1.92,0.72,2.4,1.69,0.02,1.69,1.63,0.3,-0.16,0.19,-0.16,0.22,1.2,0.02,0.02,0.02,1.18,0.6,0.44,0.08,0.44,0.32
9.5,2.4,186.95,-2.6,-109.81,34.0,-8.789,-6.819,2.206,-19.841,9.376,-24.994,94.134,-72.87,119.045,1.0,0.09,0.12,0.09,1.03,1.1,0.96,0.03,0.96,0.5,1.0,0.78,0.16,0.78,0.46,2.2,2.14,0.06,2.14,0.26,1.0,0.97,0.35,0.97,0.31,2.1,2.13,0.22,2.13,0.16,2.1,1.75,0.03,1.75,1.08,2.1,1.92,0.02,1.92,0.72,2.4,1.69,0.02,1.69,1.63,0.3,-0.16,0.19,-0.16,0.22,1.2,0.02,0.02,0.02,1.18,0.6,0.44,0.08,0.44,0.32
9.55,2.1796774193548343,188.24967741935487,-2.58,-110.82000000000002,33.14838709677417,-10.290354838709707,-9.784322580645219,-1.7996451612903956,-21.635580645161305,8.744838709677405,-24.948225806451607,94.12935483870967,-73.44883870967742,119.39774193548388,1.0,0.09,0.12,0.09,1.03,1.1,0.96,0.03,0.96,0.5,1.0,0.78,0.16,0.78,0.46,2.2,2.14,0.06,2.14,0.26,1.0,0.97,0.35,0.97,0.31,2.1,2.13,0.22,2.13,0.16,2.1,1.75,0.03,1.75,1.08,2.1,1.92,0.02,1.92,0.72,2.4,1.69,0.02,1.69,1.63,0.3,-0.16,0.19,-0.16,0.22,1.2,0.02,0.02,0.02,1.18,0.6,0.44,0.08,0.44,0.32
9.600000000000001,1.9379999999999917,189.55700000000004,-2.57,-111.84600000000003,31.119999999999905,-11.966100000000065,-12.796500000000101,-4.880800000000082,-19.748699999999968,7.560399999999945,-24.33619999999997,94.40870000000002,-74.00370000000002,119.95790000000004,1.0,0.09,0.12,0.09,1.03,1.1,0.96,0.03,0.96,0.5,1.0,0.78,0.16,0.78,0.46,2.2,2.14,0.06,2.14,0.26,1.0,0.97,0.35,0.97,0.31,2.1,2.13,0.22,2.13,0.16,2.1,1.75,0.03,1.75,1.08,2.1,1.92,0.02,1.92,0.72,2.4,1.69,0.02,1.69,1.63,0.3,-0.16,0.19,-0.16,0.22,1.2,0.02,0.02,0.02,1.18,0.6,0.44,0.08,0.44,0.32
9.65,1.6949999999999972,190.87366666666668,-2.5603333333333333,-112.87933333333335,28.356666666666637,-13.812566666666687,-15.585233333333363,-6.985133333333354,-19.531433333333336,5.9533999999999825,-23.424966666666656,94.9689,-74.94363333333334,120.97890000000001,1.0,0.1093333333333337,0.09099999999999947,0.1093333333333337,1.0106666666666664,1.1,0.8923333333333321,0.09766666666666791,0.8923333333333321,0.4516666666666658,1.0,0.7316666666666658,0.15033333333333315,0.7316666666666658,0.43099999999999944,2.2,2.1883333333333344,0.030999999999999465,2.1883333333333344,0.20199999999999896,1.0966666666666685,1.0280000000000011,0.35966666666666686,1.0280000000000011,0.3583333333333342,2.2933333333333366,2.3040000000000034,0.016999999999996268,2.3040000000000034,0.18900000000000053,2.0033333333333316,1.7209999999999994,0.08800000000000106,1.7209999999999994,1.0316666666666658,2.1,1.9296666666666669,0.02,1.9296666666666669,0.6813333333333327,2.3033333333333315,1.6706666666666663,0.0006666666666663122,1.6706666666666663,1.5816666666666659,0.3,-0.19866666666666738,0.16099999999999948,-0.19866666666666738,0.18133333333333262,1.2,0.02966666666666684,0.04900000000000053,0.02966666666666684,1.1509999999999994,0.6,0.47866666666666735,0.05099999999999947,0.47866666666666735,0.3393333333333337
9.700000000000001,1.435172413793099,192.20758620689656,-2.53,-113.92620689655175,26.4172413793103,-15.542827586206919,-17.45013793103451,-7.539137931034492,-17.627310344827556,4.316344827586179,-21.31586206896548,95.38606896551725,-74.80662068965518,121.22058620689656,1.0,0.11,0.09,0.11,1.01,1.1,0.89,0.1,0.89,0.45,1.0,0.73,0.15,0.73,0.43,2.2,2.19,0.03,2.19,0.2,1.1,1.03,0.36,1.03,0.36,2.3,2.31,0.01,2.31,0.19,2.0,1.72,0.09,1.72,1.03,2.1,1.93,0.02,1.93,0.68,2.3,1.67,0.0,1.67,1.58,0.3,-0.2,0.16,-0.2,0.18,1.2,0.03,0.05,0.03,1.15,0.6,0.48,0.05,0.48,0.34
9.75,1.1466666666666667,193.52666666666667,-2.62,-114.98666666666666,22.033333333333335,-16.001,-19.075333333333333,-8.424999999999999,-14.983333333333334,2.3876666666666666,-18.957,96.428,-75.87933333333334,122.703,1.0,0.11,0.09,0.11,1.01,1.1,0.89,0.1,0.89,0.45,1.0,0.73,0.15,0.73,0.43,2.2,2.19,0.03,2.19,0.2,1.1,1.03,0.36,1.03,0.36,2.3,2.31,0.01,2.31,0.19,2.0,1.72,0.09,1.72,1.03,2.1,1.93,0.02,1.93,0.68,2.3,1.67,0.0,1.67,1.58,0.3,-0.2,0.16,-0.2,0.18,1.2,0.03,0.05,0.03,1.15,0.6,0.48,0.05,0.48,0.34
9.8,0.9,194.86,-2.56,-116.01,14.9,-16.218,-19.543,-9.377,-8.278,0.41,-15.201,96.561,-75.204,122.393,1.0,0.11,0.09,0.11,1.01,1.1,0.89,0.1,0.89,0.45,1.0,0.73,0.15,0.73,0.43,2.2,2.19,0.03,2.19,0.2,1.1,1.03,0.36,1.03,0.36,2.3,2.31,0.01,2.31,0.19,2.0,1.72,0.09,1.72,1.03,2.1,1.93,0.02,1.93,0.68,2.3,1.67,0.0,1.67,1.58,0.3,-0.2,0.16,-0.2,0.18,1.2,0.03,0.05,0.03,1.15,0.6,0.48,0.05,0.48,0.34
9.850000000000001,0.6396551724137853,196.20482758620693,-2.5262068965517233,-117.04758620689658,12.32758620689647,-14.371620689655117,-16.800655172413713,-6.9622758620688945,-3.101896551723992,-1.5422758620690111,-11.61158620689645,96.34913793103448,-74.99096551724139,122.09658620689655,1.0,0.11,0.09,0.11,1.01,1.1,0.89,0.1,0.89,0.45,1.0,0.73,0.15,0.73,0.43,2.2,2.19,0.03,2.19,0.2,1.1,1.03,0.36,1.03,0.36,2.3,2.31,0.01,2.31,0.19,2.0,1.72,0.09,1.72,1.03,2.1,1.93,0.02,1.93,0.68,2.3,1.67,0.0,1.67,1.58,0.3,-0.2,0.16,-0.2,0.18,1.2,0.03,0.05,0.03,1.15,0.6,0.48,0.05,0.48,0.34
9.9,0.351724137931028,197.54965517241382,-2.5575862068965525,-118.09517241379312,7.762068965517134,-12.438551724137891,-14.02744827586201,-4.612827586206848,1.8955862068966578,-1.8546896551724144,-8.109344827586133,96.04906896551724,-76.41134482758625,122.73744827586209,1.0,0.11,0.09,0.11,1.01,1.1,0.89,0.1,0.89,0.45,1.0,0.7,0.12,0.7,0.46,2.2,2.21,0.03,2.21,0.08,1.2,1.03,0.39,1.03,0.5,2.3,2.31,0.02,2.31,0.22,2.0,1.73,0.1,1.73,0.98,2.1,1.95,0.05,1.95,0.66,2.4,1.67,0.03,1.67,1.58,0.4,-0.23,0.17,-0.23,0.16,1.2,0.03,0.05,0.03,1.15,0.7,0.52,0.01,0.52,0.36
9.950000000000001,0.06347826086956153,198.91956521739135,-2.5913043478260875,-119.16869565217395,2.960869565217369,-10.905826086956708,-11.613478260869702,-2.3427391304347585,6.598608695652129,-1.7657826086955881,-4.598173913043388,95.74830434782609,-77.730608695652,123.3296956521738,1.0,0.11,0.09,0.11,1.01,1.1,0.89,0.1,0.89,0.45,1.0,0.7,0.12,0.7,0.46,2.2,2.21,0.03,2.21,0.08,1.2,1.03,0.39,1.03,0.5,2.3,2.31,0.02,2.31,0.22,2.0,1.73,0.1,1.73,0.98,2.1,1.95,0.05,1.95,0.66,2.4,1.67,0.03,1.67,1.58,0.4,-0.23,0.17,-0.23,0.16,1.2,0.03,0.05,0.03,1.15,0.7,0.52,0.01,0.52,0.36
